customer_id,transaction_date,transaction_amount,age,income,credit_score,num_previous_transactions,account_age_years,is_premium_customer,transaction_month,transaction_day,transaction_dayofweek,is_fraudulent
CUST_0000,2025-10-12 23:11:18.385987,379.61,67,83316.12,743.0,9,1.1,0,10,12,6,0
CUST_0001,2026-05-16 23:11:18.385987,652.05,52,55910.9,763.0,15,18.8,0,5,16,5,0
CUST_0002,2026-05-19 23:11:18.385987,721.27,18,,795.0,11,10.6,1,5,19,1,0
CUST_0003,2026-02-28 23:11:18.385987,654.33,41,80071.33,740.0,12,12.3,0,2,28,5,0
CUST_0004,2025-06-24 23:11:18.385987,355.33,74,106664.89,689.0,11,9.6,0,6,24,1,0
CUST_0005,2026-03-18 23:11:18.385987,986.77,53,63845.65,743.0,10,1.9,0,3,18,2,1
CUST_0006,2026-01-25 23:11:18.385987,145.95,23,99141.27,723.0,10,15.4,0,1,25,6,0
CUST_0007,2025-10-04 23:11:18.385987,293.47,58,55171.71,725.0,13,14.9,0,10,4,5,0
CUST_0008,2026-09-15 23:11:18.385987,533.95,71,79039.21,,5,6.2,0,9,15,1,0
CUST_0009,2024-09-22 23:11:18.385987,517.88,63,82023.12,654.0,11,6.1,0,9,22,6,0
CUST_0010,2026-07-29 23:11:18.385987,597.61,77,51800.79,649.0,8,16.8,0,7,29,2,0
CUST_0011,2024-07-24 23:11:18.385987,816.03,61,45058.44,695.0,15,1.4,0,7,24,2,0
CUST_0012,2026-02-04 23:11:18.385987,476.03,77,82907.78,,8,17.6,0,2,4,2,0
CUST_0013,2027-01-07 23:11:18.385987,522.75,74,49368.86,666.0,12,5.1,0,1,7,3,0
CUST_0014,2026-12-03 23:11:18.385987,381.1,48,42113.0,721.0,10,11.9,0,12,3,3,1
CUST_0015,2026-10-25 23:11:18.385987,617.67,37,46320.81,804.0,7,18.7,0,10,25,6,0
CUST_0016,2025-02-13 23:11:18.385987,436.3,41,49287.73,613.0,9,13.6,0,2,13,3,0
CUST_0017,2026-10-09 23:11:18.385987,436.19,42,77132.34,729.0,7,8.3,1,10,9,4,0
CUST_0018,2026-06-09 23:11:18.385987,608.7,53,70300.85,697.0,10,13.8,0,6,9,1,1
CUST_0019,2025-03-24 23:11:18.385987,706.98,38,74313.16,723.0,4,6.9,0,3,24,0,1
CUST_0020,2025-11-09 23:11:18.385987,58.38,47,68427.6,678.0,5,5.5,0,11,9,6,0
CUST_0021,2024-10-30 23:11:18.385987,572.16,41,48123.2,693.0,5,19.9,1,10,30,2,0
CUST_0022,2025-05-15 23:11:18.385987,445.96,61,73942.06,706.0,9,15.0,1,5,15,3,0
CUST_0023,2025-10-18 23:11:18.385987,689.52,59,83649.08,685.0,8,12.9,0,10,18,5,0
CUST_0024,2024-12-05 23:11:18.385987,449.98,47,71690.06,624.0,11,7.1,0,12,5,3,0
CUST_0025,2024-12-30 23:11:18.385987,760.21,39,68993.12,,8,1.0,0,12,30,0,0
CUST_0026,2024-08-18 23:11:18.385987,364.72,45,44658.91,629.0,5,0.6,0,8,18,6,0
CUST_0027,2027-01-20 23:11:18.385987,53.93,24,,733.0,14,11.1,0,1,20,2,1
CUST_0028,2026-10-28 23:11:18.385987,710.32,52,43595.17,607.0,12,15.2,0,10,28,2,1
CUST_0029,2026-12-12 23:11:18.385987,331.29,72,59519.44,751.0,11,10.7,0,12,12,5,0
CUST_0030,2025-04-20 23:11:18.385987,183.95,45,27194.67,721.0,10,16.8,0,4,20,6,0
CUST_0031,2024-09-25 23:11:18.385987,503.21,31,27348.83,722.0,8,0.7,1,9,25,2,1
CUST_0032,2026-01-20 23:11:18.385987,452.16,73,56179.05,592.0,16,7.3,0,1,20,1,0
CUST_0033,2025-09-20 23:11:18.385987,664.62,27,49031.21,684.0,11,4.7,0,9,20,5,0
CUST_0034,2025-05-14 23:11:18.385987,678.48,33,62135.74,758.0,7,8.9,0,5,14,2,0
CUST_0035,2024-11-23 23:11:18.385987,519.12,33,57304.63,674.0,14,1.4,1,11,23,5,0
CUST_0036,2026-03-27 23:11:18.385987,323.04,71,60603.82,,10,19.1,1,3,27,4,0
CUST_0037,2025-12-14 23:11:18.385987,557.39,48,72172.15,668.0,9,4.5,0,12,14,6,0
CUST_0038,2026-10-27 23:11:18.385987,533.04,59,50734.62,697.0,16,18.4,0,10,27,1,0
CUST_0039,2024-07-07 23:11:18.385987,613.79,42,55611.12,,6,8.5,1,7,7,6,0
CUST_0040,2025-04-02 23:11:18.385987,325.04,30,89100.42,762.0,13,19.7,0,4,2,2,0
CUST_0041,2024-08-13 23:11:18.385987,419.93,23,60061.68,697.0,14,11.1,0,8,13,1,0
CUST_0042,2025-03-17 23:11:18.385987,601.88,61,56415.79,672.0,15,18.6,0,3,17,0,0
CUST_0043,2027-01-08 23:11:18.385987,749.47,26,61650.25,635.0,6,0.1,0,1,8,4,0
CUST_0044,2025-03-04 23:11:18.385987,693.18,62,56772.71,724.0,8,15.0,0,3,4,1,0
CUST_0045,2025-02-10 23:11:18.385987,516.41,53,45808.55,723.0,13,18.1,1,2,10,0,0
CUST_0046,2026-11-19 23:11:18.385987,402.52,73,40039.4,660.0,7,2.8,0,11,19,3,0
CUST_0047,2025-12-31 23:11:18.385987,580.76,60,44731.37,588.0,10,1.9,0,12,31,2,0
CUST_0048,2025-07-22 23:11:18.385987,281.72,37,77458.38,721.0,6,8.5,0,7,22,1,0
CUST_0049,2026-08-24 23:11:18.385987,336.6,35,47401.89,691.0,13,18.7,0,8,24,0,0
CUST_0050,2025-11-30 23:11:18.385987,801.95,75,56901.51,717.0,11,10.8,0,11,30,6,0
CUST_0051,2026-10-05 23:11:18.385987,580.41,60,74014.73,798.0,5,10.5,0,10,5,0,0
CUST_0052,2025-01-25 23:11:18.385987,430.49,74,54432.18,699.0,15,2.8,0,1,25,5,0
CUST_0053,2025-12-08 23:11:18.385987,665.83,38,72667.23,674.0,14,0.0,0,12,8,0,0
CUST_0054,2024-06-01 23:11:18.385987,757.39,21,29184.14,643.0,16,16.2,0,6,1,5,0
CUST_0055,2024-06-08 23:11:18.385987,411.07,67,57349.67,684.0,16,1.8,0,6,8,5,0
CUST_0056,2026-01-16 23:11:18.385987,414.52,50,61577.92,708.0,9,12.7,1,1,16,4,0
CUST_0057,2024-05-19 23:11:18.385987,389.47,44,60462.77,703.0,8,18.3,0,5,19,6,0
CUST_0058,2024-12-16 23:11:18.385987,692.77,24,,786.0,12,4.2,0,12,16,0,0
CUST_0059,2026-08-07 23:11:18.385987,694.71,23,84062.25,725.0,16,13.3,0,8,7,4,0
CUST_0060,2025-03-01 23:11:18.385987,777.18,32,42906.54,693.0,4,1.6,0,3,1,5,0
CUST_0061,2024-07-02 23:11:18.385987,701.72,35,,665.0,8,12.1,0,7,2,1,0
CUST_0062,2025-11-02 23:11:18.385987,173.56,49,,713.0,9,3.3,0,11,2,6,0
CUST_0063,2024-12-04 23:11:18.385987,556.19,73,80074.19,655.0,9,14.7,0,12,4,2,0
CUST_0064,2026-01-03 23:11:18.385987,288.32,28,103749.78,709.0,7,6.0,0,1,3,5,1
CUST_0065,2026-04-01 23:11:18.385987,397.42,37,34192.71,724.0,13,9.3,0,4,1,2,0
CUST_0066,2026-03-02 23:11:18.385987,534.12,41,47021.72,689.0,11,12.0,0,3,2,0,0
CUST_0067,2026-09-22 23:11:18.385987,667.11,32,63781.85,668.0,12,3.4,0,9,22,1,0
CUST_0068,2024-07-18 23:11:18.385987,321.83,65,37892.93,591.0,4,14.8,0,7,18,3,0
CUST_0069,2025-11-03 23:11:18.385987,35.06,24,,757.0,10,6.1,0,11,3,0,0
CUST_0070,2024-08-24 23:11:18.385987,536.11,38,76867.45,,8,13.2,0,8,24,5,0
CUST_0071,2025-09-14 23:11:18.385987,1028.71,59,71188.98,721.0,14,3.2,0,9,14,6,1
CUST_0072,2025-12-20 23:11:18.385987,459.43,43,64731.64,622.0,11,13.8,0,12,20,5,0
CUST_0073,2026-05-20 23:11:18.385987,509.38,61,87394.18,769.0,9,2.6,0,5,20,2,0
CUST_0074,2025-02-25 23:11:18.385987,856.43,73,36887.49,677.0,9,8.5,0,2,25,1,0
CUST_0075,2025-02-22 23:11:18.385987,618.05,31,61305.36,686.0,12,4.9,1,2,22,5,0
CUST_0076,2026-02-20 23:11:18.385987,543.37,74,45223.94,647.0,9,15.0,1,2,20,4,0
CUST_0077,2024-06-17 23:11:18.385987,588.42,54,77798.33,611.0,15,5.2,0,6,17,0,0
CUST_0078,2025-12-19 23:11:18.385987,550.05,75,23333.18,758.0,11,17.6,0,12,19,4,0
CUST_0079,2025-03-12 23:11:18.385987,272.05,38,59438.32,764.0,14,17.8,0,3,12,2,1
CUST_0080,2026-03-19 23:11:18.385987,231.71,35,66704.77,692.0,10,3.9,0,3,19,3,0
CUST_0081,2024-07-14 23:11:18.385987,877.37,22,41050.16,,5,12.3,0,7,14,6,1
CUST_0082,2025-02-08 23:11:18.385987,536.78,20,47476.2,681.0,10,1.8,0,2,8,5,0
CUST_0083,2024-07-15 23:11:18.385987,520.02,40,60307.58,683.0,10,7.8,0,7,15,0,0
CUST_0084,2025-03-23 23:11:18.385987,481.95,43,79101.93,640.0,14,14.3,1,3,23,6,0
CUST_0085,2025-11-08 23:11:18.385987,656.21,54,39342.62,685.0,13,13.2,0,11,8,5,0
CUST_0086,2027-02-01 23:11:18.385987,1007.74,41,42831.0,708.0,10,12.5,1,2,1,0,1
CUST_0087,2026-04-23 23:11:18.385987,604.79,66,82511.76,751.0,10,5.7,0,4,23,3,0
CUST_0088,2026-06-01 23:11:18.385987,382.38,36,54540.49,701.0,8,7.6,0,6,1,0,0
CUST_0089,2025-04-01 23:11:18.385987,473.32,68,44449.22,621.0,6,2.1,0,4,1,1,0
CUST_0090,2025-05-26 23:11:18.385987,714.2,42,74573.7,718.0,13,14.4,0,5,26,0,0
CUST_0091,2025-08-03 23:11:18.385987,383.44,38,50236.06,687.0,7,10.1,0,8,3,6,0
CUST_0092,2025-10-13 23:11:18.385987,670.45,29,80548.43,769.0,10,14.2,0,10,13,0,0
CUST_0093,2024-12-13 23:11:18.385987,35.85,74,46725.59,771.0,15,5.0,0,12,13,4,0
CUST_0094,2026-07-05 23:11:18.385987,454.02,78,56808.11,773.0,3,6.5,0,7,5,6,0
CUST_0095,2025-07-19 23:11:18.385987,625.63,58,78899.43,672.0,12,6.7,1,7,19,5,1
CUST_0096,2026-06-12 23:11:18.385987,754.03,50,55474.78,,7,0.5,0,6,12,4,0
CUST_0097,2024-08-05 23:11:18.385987,336.31,67,75121.07,718.0,6,6.8,1,8,5,0,0
CUST_0098,2024-07-11 23:11:18.385987,199.45,70,58689.05,781.0,11,16.1,0,7,11,3,0
CUST_0099,2026-08-13 23:11:18.385987,447.85,21,99633.84,675.0,15,17.9,0,8,13,3,0
CUST_0100,2026-04-25 23:11:18.385987,274.92,59,91375.57,685.0,10,10.4,0,4,25,5,0
CUST_0101,2025-04-25 23:11:18.385987,470.19,74,33438.07,714.0,9,9.1,0,4,25,4,0
CUST_0102,2026-12-01 23:11:18.385987,498.67,24,70444.87,708.0,15,0.6,1,12,1,1,0
CUST_0103,2025-01-20 23:11:18.385987,236.17,39,43671.92,763.0,18,17.6,0,1,20,0,0
CUST_0104,2026-02-03 23:11:18.385987,660.89,72,63830.14,688.0,9,0.3,0,2,3,1,0
CUST_0105,2026-02-12 23:11:18.385987,468.56,50,61367.41,758.0,18,18.9,0,2,12,3,0
CUST_0106,2025-11-14 23:11:18.385987,716.09,34,38892.26,,11,9.8,0,11,14,4,0
CUST_0107,2026-12-24 23:11:18.385987,131.02,41,,689.0,8,6.8,0,12,24,3,0
CUST_0108,2024-10-24 23:11:18.385987,296.56,78,64066.06,,11,18.5,0,10,24,3,0
CUST_0109,2026-11-12 23:11:18.385987,603.33,78,54306.34,676.0,6,0.5,0,11,12,3,0
CUST_0110,2025-10-19 23:11:18.385987,340.18,51,,818.0,10,11.6,0,10,19,6,0
CUST_0111,2026-08-10 23:11:18.385987,467.09,45,62795.54,567.0,8,11.0,1,8,10,0,1
CUST_0112,2027-01-19 23:11:18.385987,500.14,75,68158.5,734.0,17,4.4,0,1,19,1,0
CUST_0113,2026-08-03 23:11:18.385987,531.65,60,,612.0,17,8.6,0,8,3,0,1
CUST_0114,2024-08-03 23:11:18.385987,364.49,58,3349.61,689.0,10,13.0,0,8,3,5,0
CUST_0115,2025-07-15 23:11:18.385987,529.86,56,60337.81,696.0,7,14.5,0,7,15,1,0
CUST_0116,2024-11-09 23:11:18.385987,343.49,39,31170.36,775.0,12,0.0,0,11,9,5,1
CUST_0117,2027-01-12 23:11:18.385987,634.86,66,55810.95,665.0,10,18.7,0,1,12,1,0
CUST_0118,2025-10-25 23:11:18.385987,477.03,34,31908.71,765.0,9,3.3,0,10,25,5,0
CUST_0119,2025-02-27 23:11:18.385987,531.01,51,31670.05,641.0,10,4.7,0,2,27,3,0
CUST_0120,2026-10-18 23:11:18.385987,1013.99,23,84702.44,,7,5.3,0,10,18,6,0
CUST_0121,2025-07-08 23:11:18.385987,278.58,63,53598.16,676.0,12,0.8,0,7,8,1,0
CUST_0122,2026-04-22 23:11:18.385987,777.72,23,52066.76,704.0,9,2.5,0,4,22,2,0
CUST_0123,2025-01-24 23:11:18.385987,-31.87,51,69650.48,,6,19.7,0,1,24,4,0
CUST_0124,2025-01-01 23:11:18.385987,84.32,18,52588.19,764.0,8,6.3,1,1,1,2,1
CUST_0125,2025-11-19 23:11:18.385987,251.87,27,102076.12,754.0,13,2.3,0,11,19,2,1
CUST_0126,2025-12-13 23:11:18.385987,264.49,38,54539.6,,13,2.1,1,12,13,5,0
CUST_0127,2025-07-28 23:11:18.385987,540.74,22,67302.51,642.0,8,14.4,0,7,28,0,0
CUST_0128,2026-09-23 23:11:18.385987,557.97,19,79418.83,664.0,7,17.1,0,9,23,2,0
CUST_0129,2026-07-18 23:11:18.385987,449.04,39,92045.06,649.0,10,5.1,0,7,18,5,0
CUST_0130,2025-12-29 23:11:18.385987,470.02,65,45159.88,588.0,10,0.4,0,12,29,0,1
CUST_0131,2026-09-05 23:11:18.385987,605.55,74,51640.73,763.0,14,4.5,0,9,5,5,1
CUST_0132,2025-01-29 23:11:18.385987,666.64,19,85491.84,684.0,11,1.1,0,1,29,2,1
CUST_0133,2027-01-29 23:11:18.385987,234.69,27,76201.25,683.0,9,2.1,1,1,29,4,0
CUST_0134,2025-10-20 23:11:18.385987,427.62,51,81503.52,775.0,10,8.6,0,10,20,0,0
CUST_0135,2024-07-03 23:11:18.385987,486.08,33,32625.91,676.0,14,4.6,0,7,3,2,0
CUST_0136,2024-09-06 23:11:18.385987,597.06,65,90960.0,658.0,7,10.3,0,9,6,4,0
CUST_0137,2024-12-10 23:11:18.385987,345.47,68,44771.85,689.0,9,5.1,0,12,10,1,0
CUST_0138,2024-06-03 23:11:18.385987,482.16,78,63845.86,643.0,10,18.8,0,6,3,0,0
CUST_0139,2024-07-20 23:11:18.385987,506.0,56,57035.54,717.0,8,18.1,0,7,20,5,0
CUST_0140,2024-06-22 23:11:18.385987,359.11,39,42430.34,681.0,3,11.3,0,6,22,5,0
CUST_0141,2025-01-11 23:11:18.385987,354.34,29,31749.28,675.0,9,7.1,0,1,11,5,1
CUST_0142,2026-04-30 23:11:18.385987,519.75,41,25123.04,,8,7.6,1,4,30,3,0
CUST_0143,2025-02-14 23:11:18.385987,473.93,64,62380.37,695.0,8,8.2,0,2,14,4,0
CUST_0144,2026-10-19 23:11:18.385987,600.1,57,29493.62,704.0,9,14.6,0,10,19,0,0
CUST_0145,2026-11-09 23:11:18.385987,289.35,55,37323.69,674.0,7,9.0,1,11,9,0,0
CUST_0146,2026-07-28 23:11:18.385987,429.86,77,55639.28,682.0,12,17.1,0,7,28,1,0
CUST_0147,2025-01-08 23:11:18.385987,454.16,76,7223.83,,5,18.9,0,1,8,2,0
CUST_0148,2026-08-09 23:11:18.385987,662.77,27,75579.59,691.0,4,6.7,0,8,9,6,1
CUST_0149,2025-03-26 23:11:18.385987,311.92,52,11802.24,702.0,12,11.2,0,3,26,2,0
CUST_0150,2026-02-11 23:11:18.385987,546.93,68,58452.55,666.0,14,1.9,0,2,11,2,0
CUST_0151,2024-10-14 23:11:18.385987,550.55,66,60300.38,750.0,14,4.0,0,10,14,0,0
CUST_0152,2027-01-11 23:11:18.385987,829.28,49,70761.23,705.0,7,8.3,0,1,11,0,1
CUST_0153,2025-07-12 23:11:18.385987,298.58,24,59166.38,675.0,17,4.1,0,7,12,5,0
CUST_0154,2026-12-06 23:11:18.385987,368.55,38,100358.16,717.0,7,17.5,0,12,6,6,1
CUST_0155,2025-08-14 23:11:18.385987,312.53,37,64326.34,696.0,11,3.2,1,8,14,3,0
CUST_0156,2025-03-14 23:11:18.385987,166.04,43,,613.0,6,9.1,0,3,14,4,0
CUST_0157,2026-04-06 23:11:18.385987,852.94,21,45530.74,717.0,7,12.1,0,4,6,0,1
CUST_0158,2024-07-08 23:11:18.385987,251.7,63,62415.14,649.0,9,13.8,0,7,8,0,0
CUST_0159,2026-10-10 23:11:18.385987,336.74,69,90951.4,747.0,7,7.7,1,10,10,5,0
CUST_0160,2025-12-25 23:11:18.385987,763.15,39,55246.1,688.0,17,17.4,0,12,25,3,0
CUST_0161,2026-06-15 23:11:18.385987,149.38,32,63844.7,739.0,7,11.4,0,6,15,0,0
CUST_0162,2026-02-17 23:11:18.385987,651.27,73,79617.07,668.0,8,8.8,1,2,17,1,0
CUST_0163,2026-02-18 23:11:18.385987,217.4,57,45155.41,703.0,10,1.3,0,2,18,2,1
CUST_0164,2026-09-21 23:11:18.385987,749.34,38,16768.79,761.0,9,9.3,1,9,21,0,0
CUST_0165,2026-03-08 23:11:18.385987,66.02,32,65111.47,687.0,8,16.4,0,3,8,6,1
CUST_0166,2025-03-03 23:11:18.385987,149.31,39,79773.38,670.0,12,12.3,0,3,3,0,0
CUST_0167,2026-03-29 23:11:18.385987,391.02,69,32971.08,733.0,9,16.6,1,3,29,6,1
CUST_0168,2025-03-19 23:11:18.385987,694.36,45,73404.4,732.0,8,9.9,0,3,19,2,0
CUST_0169,2025-03-15 23:11:18.385987,493.81,31,73539.33,673.0,8,2.4,0,3,15,5,0
CUST_0170,2025-05-05 23:11:18.385987,432.86,44,14530.07,,12,0.3,0,5,5,0,1
CUST_0171,2025-08-31 23:11:18.385987,769.21,78,41274.23,669.0,12,6.1,1,8,31,6,0
CUST_0172,2024-08-27 23:11:18.385987,931.05,58,52083.42,734.0,15,14.0,0,8,27,1,1
CUST_0173,2027-01-23 23:11:18.385987,634.45,57,,661.0,13,15.8,0,1,23,5,0
CUST_0174,2025-09-07 23:11:18.385987,375.43,75,45137.31,699.0,8,5.9,0,9,7,6,0
CUST_0175,2025-05-07 23:11:18.385987,416.37,45,44059.94,667.0,8,9.9,0,5,7,2,0
CUST_0176,2025-01-18 23:11:18.385987,242.31,43,93429.66,603.0,15,8.4,0,1,18,5,0
CUST_0177,2025-01-23 23:11:18.385987,520.16,66,,666.0,11,8.2,0,1,23,3,0
CUST_0178,2026-07-20 23:11:18.385987,174.08,19,46099.13,734.0,3,4.6,0,7,20,0,0
CUST_0179,2026-03-17 23:11:18.385987,610.37,42,59176.61,581.0,10,2.7,0,3,17,1,1
CUST_0180,2025-09-15 23:11:18.385987,901.11,73,70741.82,713.0,7,3.9,0,9,15,0,1
CUST_0181,2026-03-10 23:11:18.385987,643.52,79,61032.53,641.0,8,1.1,0,3,10,1,1
CUST_0182,2025-05-21 23:11:18.385987,406.17,20,55885.45,730.0,10,4.0,1,5,21,2,0
CUST_0183,2025-10-17 23:11:18.385987,605.39,25,46999.67,736.0,12,0.2,1,10,17,4,1
CUST_0184,2026-09-01 23:11:18.385987,824.11,61,46757.38,691.0,13,12.5,0,9,1,1,1
CUST_0185,2024-09-23 23:11:18.385987,814.1,50,48043.83,,11,6.3,0,9,23,0,1
CUST_0186,2025-04-29 23:11:18.385987,299.25,59,,660.0,11,19.5,0,4,29,1,0
CUST_0187,2025-05-09 23:11:18.385987,602.06,69,40116.4,,10,3.9,0,5,9,4,0
CUST_0188,2026-12-07 23:11:18.385987,468.38,52,67865.38,785.0,5,6.9,0,12,7,0,0
CUST_0189,2026-05-28 23:11:18.385987,661.32,23,88259.9,657.0,8,7.2,0,5,28,3,0
CUST_0190,2026-12-13 23:11:18.385987,576.72,56,66514.15,778.0,6,0.2,0,12,13,6,0
CUST_0191,2026-08-16 23:11:18.385987,26.06,69,52608.29,,13,16.8,1,8,16,6,1
CUST_0192,2026-02-24 23:11:18.385987,430.4,40,34037.46,726.0,5,0.6,0,2,24,1,0
CUST_0193,2024-11-24 23:11:18.385987,539.71,42,91562.14,643.0,14,18.8,0,11,24,6,0
CUST_0194,2024-12-08 23:11:18.385987,213.13,76,36599.65,726.0,10,17.8,0,12,8,6,0
CUST_0195,2025-06-21 23:11:18.385987,616.2,67,76971.24,684.0,11,10.7,1,6,21,5,0
CUST_0196,2025-04-06 23:11:18.385987,195.2,60,,684.0,13,10.9,0,4,6,6,1
CUST_0197,2024-12-03 23:11:18.385987,340.31,36,,731.0,4,13.1,0,12,3,1,0
CUST_0198,2026-01-12 23:11:18.385987,768.26,22,54740.42,677.0,3,7.7,0,1,12,0,0
CUST_0199,2024-07-26 23:11:18.385987,323.24,68,23285.77,629.0,6,12.9,0,7,26,4,0
CUST_0200,2024-06-07 23:11:18.385987,614.79,28,66601.3,738.0,9,0.9,0,6,7,4,1
CUST_0201,2025-10-26 23:11:18.385987,149.29,73,72398.53,643.0,11,1.1,0,10,26,6,0
CUST_0202,2026-04-04 23:11:18.385987,916.26,29,38218.4,,12,9.1,0,4,4,5,0
CUST_0203,2025-11-17 23:11:18.385987,439.09,27,56883.57,749.0,12,11.0,0,11,17,0,0
CUST_0204,2026-08-23 23:11:18.385987,519.06,25,60757.24,681.0,11,17.8,0,8,23,6,0
CUST_0205,2025-12-26 23:11:18.385987,535.81,41,,759.0,8,2.1,1,12,26,4,0
CUST_0206,2024-10-21 23:11:18.385987,621.51,77,60076.06,724.0,11,16.5,0,10,21,0,0
CUST_0207,2026-11-13 23:11:18.385987,196.16,45,27473.61,,6,4.2,0,11,13,4,0
CUST_0208,2025-09-16 23:11:18.385987,498.93,58,49401.24,770.0,9,7.9,0,9,16,1,0
CUST_0209,2026-08-11 23:11:18.385987,368.25,53,64492.52,643.0,9,6.3,0,8,11,1,0
CUST_0210,2024-07-13 23:11:18.385987,162.09,54,76830.57,,12,8.0,0,7,13,5,0
CUST_0211,2024-09-27 23:11:18.385987,697.42,38,47647.27,690.0,11,3.0,0,9,27,4,0
CUST_0212,2026-11-20 23:11:18.385987,429.57,25,,,10,10.1,1,11,20,4,0
CUST_0213,2026-08-14 23:11:18.385987,548.5,72,22110.54,756.0,10,16.0,1,8,14,4,0
CUST_0214,2026-02-23 23:11:18.385987,535.97,26,48726.0,753.0,12,8.8,0,2,23,0,0
CUST_0215,2025-04-05 23:11:18.385987,433.03,64,58339.33,711.0,12,9.8,0,4,5,5,0
CUST_0216,2026-03-04 23:11:18.385987,895.01,32,55985.02,686.0,8,17.0,0,3,4,2,0
CUST_0217,2025-01-13 23:11:18.385987,490.55,65,35357.15,,11,14.1,0,1,13,0,0
CUST_0218,2026-11-02 23:11:18.385987,188.41,63,68957.23,634.0,15,9.8,0,11,2,0,1
CUST_0219,2026-04-17 23:11:18.385987,419.92,57,67421.88,788.0,10,5.2,0,4,17,4,0
CUST_0220,2025-03-10 23:11:18.385987,599.95,35,,608.0,7,17.7,1,3,10,0,0
CUST_0221,2026-05-13 23:11:18.385987,606.52,59,,661.0,7,11.5,0,5,13,2,0
CUST_0222,2027-01-09 23:11:18.385987,282.44,77,51524.47,757.0,7,4.4,1,1,9,5,1
CUST_0223,2024-06-27 23:11:18.385987,685.9,37,27652.74,710.0,13,5.4,0,6,27,3,0
CUST_0224,2026-10-22 23:11:18.385987,147.43,23,45667.2,746.0,14,16.1,0,10,22,3,0
CUST_0225,2024-05-11 23:11:18.385987,728.83,29,63141.09,727.0,8,0.9,0,5,11,5,0
CUST_0226,2025-11-04 23:11:18.385987,236.13,19,63254.89,773.0,5,19.8,0,11,4,1,0
CUST_0227,2025-04-24 23:11:18.385987,454.75,24,60827.58,715.0,11,2.6,0,4,24,3,0
CUST_0228,2026-10-30 23:11:18.385987,712.91,33,,733.0,7,15.9,0,10,30,4,0
CUST_0229,2025-10-27 23:11:18.385987,523.92,20,48377.08,664.0,14,7.9,0,10,27,0,0
CUST_0230,2025-04-18 23:11:18.385987,663.34,62,,729.0,13,9.8,1,4,18,4,0
CUST_0231,2027-01-28 23:11:18.385987,623.73,20,71441.86,,8,17.6,0,1,28,3,1
CUST_0232,2025-09-02 23:11:18.385987,757.25,44,58302.2,677.0,8,8.3,0,9,2,1,0
CUST_0233,2025-12-05 23:11:18.385987,712.44,67,,745.0,12,10.7,1,12,5,4,0
CUST_0234,2024-06-11 23:11:18.385987,409.25,60,40770.23,745.0,11,1.0,0,6,11,1,1
CUST_0235,2024-06-09 23:11:18.385987,626.59,57,76617.05,784.0,12,0.0,0,6,9,6,1
CUST_0236,2024-12-26 23:11:18.385987,194.69,55,87849.44,,8,4.9,0,12,26,3,1
CUST_0237,2026-12-28 23:11:18.385987,488.42,50,83505.66,746.0,6,13.6,0,12,28,0,0
CUST_0238,2024-11-17 23:11:18.385987,663.7,45,64643.12,614.0,11,2.4,1,11,17,6,1
CUST_0239,2025-04-07 23:11:18.385987,526.77,18,,791.0,11,2.3,0,4,7,0,0
CUST_0240,2024-05-12 23:11:18.385987,589.33,72,59872.97,746.0,14,8.2,0,5,12,6,0
CUST_0241,2024-11-29 23:11:18.385987,457.35,25,91245.1,662.0,8,13.0,0,11,29,4,0
CUST_0242,2025-10-05 23:11:18.385987,725.81,54,72369.77,736.0,6,14.2,0,10,5,6,0
CUST_0243,2026-07-17 23:11:18.385987,483.92,49,55850.45,648.0,7,3.6,0,7,17,4,0
CUST_0244,2025-03-11 23:11:18.385987,406.91,77,72572.5,,13,1.6,1,3,11,1,1
CUST_0245,2024-08-26 23:11:18.385987,677.3,65,34612.1,634.0,15,18.8,0,8,26,0,0
CUST_0246,2025-07-13 23:11:18.385987,218.97,60,,660.0,11,5.2,0,7,13,6,0
CUST_0247,2024-07-25 23:11:18.385987,600.21,54,38316.17,735.0,6,17.1,0,7,25,3,0
CUST_0248,2024-08-01 23:11:18.385987,291.5,21,69391.44,754.0,11,17.3,0,8,1,3,0
CUST_0249,2025-02-19 23:11:18.385987,755.59,47,74282.07,716.0,8,15.5,0,2,19,2,0
CUST_0250,2024-07-30 23:11:18.385987,447.79,23,56923.48,686.0,8,3.4,1,7,30,1,0
CUST_0251,2027-01-25 23:11:18.385987,527.0,63,42541.41,594.0,8,16.4,0,1,25,0,1
CUST_0252,2026-07-07 23:11:18.385987,582.51,71,59605.02,690.0,8,15.4,0,7,7,1,0
CUST_0253,2026-10-20 23:11:18.385987,114.06,36,50268.4,727.0,5,11.9,0,10,20,1,0
CUST_0254,2025-06-11 23:11:18.385987,369.88,49,,684.0,15,6.7,0,6,11,2,0
CUST_0255,2025-03-28 23:11:18.385987,708.71,26,66779.87,699.0,19,5.3,0,3,28,4,0
CUST_0256,2025-10-10 23:11:18.385987,673.55,29,44840.16,691.0,8,2.4,0,10,10,4,0
CUST_0257,2026-11-11 23:11:18.385987,556.61,28,28673.01,684.0,8,10.2,0,11,11,2,0
CUST_0258,2026-11-17 23:11:18.385987,230.11,63,33117.71,704.0,6,11.7,1,11,17,1,0
CUST_0259,2024-05-14 23:11:18.385987,617.1,72,27934.79,,9,7.2,0,5,14,1,0
CUST_0260,2026-05-10 23:11:18.385987,642.68,33,64950.24,,6,9.5,0,5,10,6,0
CUST_0261,2025-08-17 23:11:18.385987,509.4,18,63008.11,590.0,11,7.3,0,8,17,6,0
CUST_0262,2024-08-14 23:11:18.385987,744.63,62,,673.0,5,12.8,0,8,14,2,0
CUST_0263,2025-01-30 23:11:18.385987,363.31,72,,656.0,8,18.0,1,1,30,3,0
CUST_0264,2025-05-01 23:11:18.385987,398.03,70,83839.18,711.0,10,3.3,1,5,1,3,0
CUST_0265,2026-09-24 23:11:18.385987,3.08,38,48154.67,704.0,12,7.6,0,9,24,3,1
CUST_0266,2026-07-16 23:11:18.385987,683.97,47,68129.55,781.0,8,2.8,1,7,16,3,0
CUST_0267,2025-05-24 23:11:18.385987,562.77,30,28407.69,,10,12.5,0,5,24,5,0
CUST_0268,2026-01-30 23:11:18.385987,163.64,51,87574.19,661.0,11,14.6,1,1,30,4,0
CUST_0269,2025-05-25 23:11:18.385987,148.28,21,35103.38,700.0,12,18.6,0,5,25,6,0
CUST_0270,2025-09-11 23:11:18.385987,325.47,45,45798.38,710.0,12,5.6,0,9,11,3,0
CUST_0271,2024-09-04 23:11:18.385987,658.73,55,48045.81,660.0,13,19.0,0,9,4,2,1
CUST_0272,2026-10-26 23:11:18.385987,439.93,75,29474.58,731.0,9,1.3,1,10,26,0,0
CUST_0273,2025-01-14 23:11:18.385987,339.04,48,60651.51,688.0,9,12.1,0,1,14,1,0
CUST_0274,2025-10-14 23:11:18.385987,298.78,76,64278.08,,8,1.1,0,10,14,1,0
CUST_0275,2024-05-18 23:11:18.385987,289.82,72,56211.73,686.0,12,17.9,0,5,18,5,0
CUST_0276,2024-11-21 23:11:18.385987,113.26,44,29195.05,650.0,4,10.6,0,11,21,3,0
CUST_0277,2026-01-02 23:11:18.385987,258.52,22,99667.72,752.0,15,13.4,0,1,2,4,0
CUST_0278,2024-07-29 23:11:18.385987,285.88,42,70984.62,795.0,12,16.6,1,7,29,0,1
CUST_0279,2026-07-01 23:11:18.385987,636.52,20,112684.44,712.0,12,3.0,0,7,1,2,0
CUST_0280,2025-12-17 23:11:18.385987,466.86,50,43897.82,706.0,9,0.8,1,12,17,2,1
CUST_0281,2026-07-15 23:11:18.385987,334.88,21,79157.64,708.0,7,17.6,0,7,15,2,1
CUST_0282,2025-01-03 23:11:18.385987,961.94,42,75585.48,759.0,9,6.3,0,1,3,4,1
CUST_0283,2025-02-23 23:11:18.385987,367.22,37,54188.5,758.0,5,2.6,0,2,23,6,0
CUST_0284,2024-12-06 23:11:18.385987,733.42,51,88221.02,694.0,15,9.4,0,12,6,4,0
CUST_0285,2026-04-26 23:11:18.385987,824.22,43,51891.8,713.0,7,12.0,0,4,26,6,1
CUST_0286,2025-05-03 23:11:18.385987,186.01,79,52782.17,733.0,15,0.6,0,5,3,5,0
CUST_0287,2025-08-01 23:11:18.385987,514.79,79,-9428.6,643.0,13,5.5,0,8,1,4,0
CUST_0288,2024-12-22 23:11:18.385987,396.49,22,68180.56,761.0,6,0.7,0,12,22,6,0
CUST_0289,2026-12-15 23:11:18.385987,380.22,52,33489.8,787.0,5,8.4,0,12,15,1,0
CUST_0290,2026-12-11 23:11:18.385987,611.08,78,48985.58,758.0,13,17.9,0,12,11,4,0
CUST_0291,2026-07-14 23:11:18.385987,375.43,45,,638.0,5,19.7,0,7,14,1,0
CUST_0292,2025-09-22 23:11:18.385987,400.81,46,52675.37,601.0,9,12.7,0,9,22,0,0
CUST_0293,2025-08-16 23:11:18.385987,466.38,26,68877.6,735.0,8,3.2,0,8,16,5,0
CUST_0294,2025-05-06 23:11:18.385987,425.32,69,,662.0,3,18.1,0,5,6,1,0
CUST_0295,2025-08-20 23:11:18.385987,265.29,55,74192.83,714.0,10,10.3,0,8,20,2,0
CUST_0296,2026-11-30 23:11:18.385987,659.18,67,85312.59,777.0,9,3.1,0,11,30,0,0
CUST_0297,2025-07-11 23:11:18.385987,709.71,23,52624.08,667.0,12,18.4,0,7,11,4,0
CUST_0298,2024-05-16 23:11:18.385987,568.72,36,50428.66,681.0,9,15.1,0,5,16,3,1
CUST_0299,2024-10-11 23:11:18.385987,424.69,77,79154.55,714.0,4,14.6,0,10,11,4,0
CUST_0300,2025-11-01 23:11:18.385987,358.96,61,80740.95,635.0,10,14.2,0,11,1,5,0
CUST_0301,2025-07-23 23:11:18.385987,359.28,74,74811.82,662.0,9,4.0,0,7,23,2,0
CUST_0302,2025-09-03 23:11:18.385987,971.48,28,40956.42,701.0,9,4.2,0,9,3,2,0
CUST_0303,2025-07-05 23:11:18.385987,687.57,19,68453.1,685.0,11,13.8,0,7,5,5,0
CUST_0304,2026-06-26 23:11:18.385987,331.98,64,62189.41,730.0,6,4.4,0,6,26,4,0
CUST_0305,2026-12-14 23:11:18.385987,532.94,61,81050.58,838.0,7,8.8,0,12,14,0,0
CUST_0306,2025-04-08 23:11:18.385987,427.49,61,48542.56,705.0,12,15.6,0,4,8,1,0
CUST_0307,2025-12-06 23:11:18.385987,616.76,26,26667.79,,10,15.7,0,12,6,5,0
CUST_0308,2026-11-29 23:11:18.385987,608.7,38,73804.74,,14,9.1,1,11,29,6,0
CUST_0309,2025-11-27 23:11:18.385987,716.72,41,,621.0,13,15.8,1,11,27,3,0
CUST_0310,2025-12-24 23:11:18.385987,329.89,51,45369.73,631.0,11,16.8,0,12,24,2,1
CUST_0311,2025-10-21 23:11:18.385987,520.95,39,39536.09,670.0,10,13.1,0,10,21,1,0
CUST_0312,2025-12-11 23:11:18.385987,150.29,20,39401.31,686.0,9,4.6,0,12,11,3,0
CUST_0313,2026-04-16 23:11:18.385987,248.53,29,45019.37,669.0,9,5.5,0,4,16,3,1
CUST_0314,2025-07-31 23:11:18.385987,676.82,45,84347.47,698.0,11,6.3,0,7,31,3,0
CUST_0315,2025-08-05 23:11:18.385987,309.86,47,76411.11,714.0,7,2.3,0,8,5,1,1
CUST_0316,2024-12-23 23:11:18.385987,331.82,43,54965.39,753.0,14,5.5,0,12,23,0,0
CUST_0317,2025-04-26 23:11:18.385987,498.34,65,82672.47,705.0,12,4.2,0,4,26,5,0
CUST_0318,2026-05-07 23:11:18.385987,638.95,38,38754.06,672.0,10,9.1,1,5,7,3,0
CUST_0319,2024-12-07 23:11:18.385987,287.83,45,36034.33,751.0,11,18.2,0,12,7,5,1
CUST_0320,2024-07-27 23:11:18.385987,-196.16,73,77271.93,659.0,10,2.1,1,7,27,5,0
CUST_0321,2024-10-04 23:11:18.385987,325.96,43,71592.86,618.0,15,14.4,1,10,4,4,0
CUST_0322,2025-03-07 23:11:18.385987,741.13,79,50794.73,760.0,9,13.7,0,3,7,4,0
CUST_0323,2026-01-27 23:11:18.385987,568.63,50,37290.78,757.0,11,1.9,0,1,27,1,0
CUST_0324,2026-06-25 23:11:18.385987,764.77,38,89194.64,660.0,7,18.5,0,6,25,3,0
CUST_0325,2025-09-27 23:11:18.385987,273.64,52,25597.95,,10,11.4,0,9,27,5,0
CUST_0326,2025-04-16 23:11:18.385987,172.12,69,48031.48,654.0,10,7.3,0,4,16,2,1
CUST_0327,2025-09-06 23:11:18.385987,592.51,51,,716.0,9,15.1,0,9,6,5,0
CUST_0328,2026-04-20 23:11:18.385987,548.0,58,96043.3,787.0,11,5.1,0,4,20,0,0
CUST_0329,2024-09-19 23:11:18.385987,561.11,68,67662.0,735.0,13,13.9,0,9,19,3,0
CUST_0330,2026-04-12 23:11:18.385987,686.6,64,69606.09,752.0,6,0.8,0,4,12,6,1
CUST_0331,2025-03-16 23:11:18.385987,584.34,35,48612.33,741.0,9,16.8,0,3,16,6,1
CUST_0332,2026-05-01 23:11:18.385987,581.12,75,71369.6,700.0,12,9.0,0,5,1,4,0
CUST_0333,2026-01-28 23:11:18.385987,643.0,28,62106.19,754.0,11,12.7,0,1,28,2,1
CUST_0334,2024-05-09 23:11:18.385987,600.48,74,28230.71,737.0,19,4.4,0,5,9,3,0
CUST_0335,2025-03-21 23:11:18.385987,671.49,40,75858.7,772.0,11,13.5,0,3,21,4,0
CUST_0336,2026-04-15 23:11:18.385987,701.7,65,,677.0,12,15.4,0,4,15,2,0
CUST_0337,2025-11-07 23:11:18.385987,806.34,39,,613.0,12,9.5,0,11,7,4,0
CUST_0338,2026-09-28 23:11:18.385987,370.16,34,60666.56,752.0,15,12.4,1,9,28,0,0
CUST_0339,2025-10-23 23:11:18.385987,596.11,22,40876.46,717.0,8,9.1,0,10,23,3,0
CUST_0340,2025-08-29 23:11:18.385987,425.94,61,13816.33,685.0,12,17.9,0,8,29,4,0
CUST_0341,2025-06-17 23:11:18.385987,333.29,28,63141.07,688.0,7,10.0,0,6,17,1,0
CUST_0342,2024-10-28 23:11:18.385987,362.09,47,,,8,16.8,1,10,28,0,0
CUST_0343,2024-09-11 23:11:18.385987,598.99,32,79910.65,668.0,7,16.0,0,9,11,2,0
CUST_0344,2025-06-07 23:11:18.385987,583.65,44,,657.0,8,8.2,0,6,7,5,1
CUST_0345,2025-07-03 23:11:18.385987,580.08,52,58515.78,704.0,13,4.6,0,7,3,3,0
CUST_0346,2025-11-12 23:11:18.385987,454.86,50,81749.28,759.0,11,8.1,0,11,12,2,0
CUST_0347,2026-10-29 23:11:18.385987,500.68,37,78483.24,814.0,11,16.5,0,10,29,3,0
CUST_0348,2024-08-07 23:11:18.385987,663.55,78,51547.33,733.0,9,4.6,0,8,7,2,0
CUST_0349,2026-12-04 23:11:18.385987,202.12,33,73531.96,636.0,13,10.5,1,12,4,4,0
CUST_0350,2024-11-06 23:11:18.385987,504.93,51,49280.82,,17,16.1,0,11,6,2,0
CUST_0351,2025-02-07 23:11:18.385987,517.99,19,,699.0,13,7.1,0,2,7,4,0
CUST_0352,2026-10-21 23:11:18.385987,650.66,52,34017.67,,7,12.8,0,10,21,2,0
CUST_0353,2024-07-17 23:11:18.385987,229.95,57,35555.76,646.0,14,4.9,0,7,17,2,0
CUST_0354,2025-02-24 23:11:18.385987,799.03,73,81164.14,742.0,17,2.2,1,2,24,0,0
CUST_0355,2024-09-17 23:11:18.385987,542.73,45,78751.2,712.0,6,15.9,0,9,17,1,0
CUST_0356,2025-03-05 23:11:18.385987,553.32,64,72672.23,717.0,11,2.0,0,3,5,2,0
CUST_0357,2025-07-07 23:11:18.385987,419.72,56,61759.38,764.0,3,5.4,0,7,7,0,0
CUST_0358,2025-03-31 23:11:18.385987,607.6,23,12174.51,660.0,16,17.1,1,3,31,0,0
CUST_0359,2024-09-30 23:11:18.385987,509.59,26,58502.48,768.0,13,6.9,0,9,30,0,0
CUST_0360,2025-07-06 23:11:18.385987,741.8,37,,674.0,10,19.5,0,7,6,6,0
CUST_0361,2025-12-10 23:11:18.385987,211.7,77,49305.34,808.0,10,19.6,0,12,10,2,0
CUST_0362,2024-09-21 23:11:18.385987,535.11,18,45750.12,730.0,12,5.4,0,9,21,5,0
CUST_0363,2025-08-02 23:11:18.385987,581.7,25,88888.41,654.0,13,0.8,1,8,2,5,1
CUST_0364,2024-10-20 23:11:18.385987,462.73,72,58794.22,599.0,6,14.1,0,10,20,6,0
CUST_0365,2024-06-06 23:11:18.385987,419.07,40,69095.9,740.0,11,9.0,0,6,6,3,0
CUST_0366,2026-06-21 23:11:18.385987,427.41,20,75482.63,681.0,18,2.0,0,6,21,6,0
CUST_0367,2024-11-18 23:11:18.385987,534.93,21,39971.26,,10,14.2,0,11,18,0,0
CUST_0368,2025-06-01 23:11:18.385987,138.01,75,,738.0,13,0.6,0,6,1,6,1
CUST_0369,2026-09-08 23:11:18.385987,693.0,42,86392.89,751.0,10,17.4,1,9,8,1,0
CUST_0370,2024-10-25 23:11:18.385987,403.97,64,96384.46,761.0,5,2.8,0,10,25,4,0
CUST_0371,2026-04-14 23:11:18.385987,525.56,55,60798.73,,5,2.5,1,4,14,1,0
CUST_0372,2024-09-26 23:11:18.385987,573.42,32,55241.13,771.0,8,3.5,0,9,26,3,0
CUST_0373,2024-10-29 23:11:18.385987,394.84,38,65380.48,671.0,6,19.2,0,10,29,1,0
CUST_0374,2024-05-15 23:11:18.385987,473.79,52,64872.74,587.0,5,13.9,0,5,15,2,1
CUST_0375,2026-05-24 23:11:18.385987,92.95,74,87735.16,641.0,9,16.0,0,5,24,6,0
CUST_0376,2025-08-30 23:11:18.385987,646.42,70,40072.17,711.0,7,8.0,1,8,30,5,0
CUST_0377,2024-07-21 23:11:18.385987,716.01,70,54402.54,651.0,7,6.7,1,7,21,6,0
CUST_0378,2026-11-05 23:11:18.385987,159.8,63,37657.17,696.0,14,4.7,0,11,5,3,0
CUST_0379,2026-07-31 23:11:18.385987,418.7,69,39758.1,717.0,14,9.6,0,7,31,4,0
CUST_0380,2025-01-02 23:11:18.385987,254.03,31,67531.48,691.0,6,11.0,0,1,2,3,0
CUST_0381,2024-10-01 23:11:18.385987,464.45,53,76197.16,675.0,6,12.6,1,10,1,1,1
CUST_0382,2026-07-10 23:11:18.385987,629.73,29,,,13,5.1,1,7,10,4,0
CUST_0383,2024-12-29 23:11:18.385987,697.46,34,75441.9,701.0,10,19.0,0,12,29,6,0
CUST_0384,2024-12-15 23:11:18.385987,724.37,56,82231.57,597.0,16,3.4,0,12,15,6,1
CUST_0385,2026-11-18 23:11:18.385987,762.11,26,98694.12,,17,19.3,0,11,18,2,1
CUST_0386,2025-09-21 23:11:18.385987,455.52,52,61394.94,,9,0.3,0,9,21,6,0
CUST_0387,2024-09-18 23:11:18.385987,270.61,77,47204.71,,10,9.6,0,9,18,2,0
CUST_0388,2027-01-24 23:11:18.385987,477.08,30,39950.56,689.0,10,6.7,0,1,24,6,1
CUST_0389,2026-06-22 23:11:18.385987,626.65,32,37964.14,748.0,14,9.0,0,6,22,0,0
CUST_0390,2024-11-10 23:11:18.385987,254.55,35,84995.61,779.0,8,11.4,0,11,10,6,0
CUST_0391,2024-06-19 23:11:18.385987,832.03,68,29698.09,644.0,11,8.7,1,6,19,2,0
CUST_0392,2026-04-05 23:11:18.385987,679.58,50,84354.97,800.0,13,8.3,0,4,5,6,0
CUST_0393,2024-08-25 23:11:18.385987,458.69,23,42631.18,661.0,8,14.7,0,8,25,6,0
CUST_0394,2025-12-18 23:11:18.385987,357.83,76,46295.88,,8,13.7,0,12,18,3,1
CUST_0395,2024-07-04 23:11:18.385987,366.18,44,56968.89,726.0,10,16.7,0,7,4,3,0
CUST_0396,2025-06-18 23:11:18.385987,514.84,40,45926.91,822.0,10,5.0,0,6,18,2,0
CUST_0397,2025-07-25 23:11:18.385987,454.12,76,78639.6,673.0,9,12.2,0,7,25,4,0
CUST_0398,2026-06-05 23:11:18.385987,690.1,44,96266.88,610.0,18,11.7,0,6,5,4,0
CUST_0399,2027-01-31 23:11:18.385987,431.4,51,,775.0,7,7.4,0,1,31,6,0
CUST_0400,2024-06-02 23:11:18.385987,601.1,73,51355.24,658.0,10,9.7,0,6,2,6,0
CUST_0401,2025-08-19 23:11:18.385987,494.22,63,56733.58,682.0,7,6.3,0,8,19,1,0
CUST_0402,2025-10-30 23:11:18.385987,553.93,55,70821.14,644.0,13,2.8,0,10,30,3,0
CUST_0403,2025-10-22 23:11:18.385987,453.99,31,56930.31,682.0,11,4.3,0,10,22,2,0
CUST_0404,2026-01-17 23:11:18.385987,641.54,53,87745.15,658.0,12,2.1,0,1,17,5,0
CUST_0405,2026-04-03 23:11:18.385987,644.51,70,,734.0,14,13.7,0,4,3,4,0
CUST_0406,2026-11-21 23:11:18.385987,591.99,25,36290.75,704.0,14,13.2,0,11,21,5,0
CUST_0407,2025-04-12 23:11:18.385987,621.5,79,70419.36,666.0,12,19.0,0,4,12,5,0
CUST_0408,2024-06-29 23:11:18.385987,311.13,52,90406.78,750.0,15,14.6,1,6,29,5,0
CUST_0409,2025-09-28 23:11:18.385987,564.65,36,50104.38,713.0,6,1.0,0,9,28,6,0
CUST_0410,2025-10-07 23:11:18.385987,749.84,47,54114.7,608.0,5,17.7,0,10,7,1,0
CUST_0411,2026-11-15 23:11:18.385987,598.28,31,49439.26,746.0,16,17.3,0,11,15,6,0
CUST_0412,2026-06-29 23:11:18.385987,293.86,76,49858.49,709.0,9,8.9,0,6,29,0,0
CUST_0413,2025-01-28 23:11:18.385987,490.05,37,26630.97,,10,11.7,0,1,28,1,0
CUST_0414,2026-08-04 23:11:18.385987,575.0,66,33433.7,706.0,12,19.5,0,8,4,1,0
CUST_0415,2026-04-19 23:11:18.385987,348.52,42,61549.47,660.0,12,10.6,0,4,19,6,0
CUST_0416,2026-03-22 23:11:18.385987,228.35,57,90271.96,690.0,5,18.1,1,3,22,6,0
CUST_0417,2026-08-19 23:11:18.385987,436.78,41,47732.78,740.0,13,1.7,0,8,19,2,0
CUST_0418,2025-10-09 23:11:18.385987,351.83,31,47144.85,661.0,8,3.8,0,10,9,3,0
CUST_0419,2025-07-30 23:11:18.385987,497.14,43,94030.42,678.0,8,8.8,1,7,30,2,0
CUST_0420,2024-05-27 23:11:18.385987,181.72,55,37834.85,689.0,13,11.7,0,5,27,0,0
CUST_0421,2026-04-24 23:11:18.385987,612.94,40,26775.14,643.0,4,16.3,0,4,24,4,0
CUST_0422,2025-09-04 23:11:18.385987,373.08,39,43429.69,662.0,5,19.8,0,9,4,3,0
CUST_0423,2025-11-28 23:11:18.385987,699.15,65,46744.31,709.0,16,7.8,0,11,28,4,1
CUST_0424,2025-07-16 23:11:18.385987,444.62,74,25050.94,760.0,13,0.9,0,7,16,2,1
CUST_0425,2025-05-11 23:11:18.385987,494.92,36,57439.17,716.0,9,16.0,0,5,11,6,0
CUST_0426,2024-07-31 23:11:18.385987,465.39,63,78968.93,698.0,6,12.1,0,7,31,2,0
CUST_0427,2024-07-09 23:11:18.385987,362.37,68,34280.9,658.0,10,4.0,0,7,9,1,0
CUST_0428,2026-02-06 23:11:18.385987,994.46,20,61751.56,755.0,17,9.9,1,2,6,4,0
CUST_0429,2025-02-05 23:11:18.385987,400.83,59,67918.71,722.0,10,14.8,0,2,5,2,0
CUST_0430,2025-02-18 23:11:18.385987,704.7,36,58332.31,665.0,4,15.4,0,2,18,1,0
CUST_0431,2025-05-04 23:11:18.385987,281.27,26,63713.85,745.0,12,10.0,1,5,4,6,0
CUST_0432,2025-04-28 23:11:18.385987,574.43,45,,728.0,14,6.1,0,4,28,0,0
CUST_0433,2025-08-08 23:11:18.385987,595.77,37,43745.44,,8,19.5,0,8,8,4,0
CUST_0434,2025-02-11 23:11:18.385987,495.16,62,89971.65,695.0,9,13.3,0,2,11,1,0
CUST_0435,2024-05-21 23:11:18.385987,385.8,24,,675.0,10,8.2,0,5,21,1,1
CUST_0436,2024-11-07 23:11:18.385987,447.34,31,83798.23,832.0,6,5.6,0,11,7,3,0
CUST_0437,2025-05-12 23:11:18.385987,419.34,26,80273.51,727.0,11,14.6,0,5,12,0,0
CUST_0438,2026-10-07 23:11:18.385987,980.41,76,28500.41,709.0,14,4.8,1,10,7,2,1
CUST_0439,2026-01-14 23:11:18.385987,495.48,77,,724.0,10,3.4,1,1,14,2,0
CUST_0440,2024-12-18 23:11:18.385987,604.98,72,73112.03,769.0,6,10.6,1,12,18,2,0
CUST_0441,2025-12-02 23:11:18.385987,856.33,74,,696.0,8,5.8,1,12,2,1,0
CUST_0442,2027-01-04 23:11:18.385987,324.74,77,55701.79,671.0,7,12.6,0,1,4,0,0
CUST_0443,2026-02-21 23:11:18.385987,507.53,36,65535.87,742.0,19,2.4,0,2,21,5,0
CUST_0444,2025-11-05 23:11:18.385987,446.16,64,93286.34,691.0,8,13.1,1,11,5,2,1
CUST_0445,2025-12-12 23:11:18.385987,482.77,69,,,6,5.7,0,12,12,4,0
CUST_0446,2026-02-01 23:11:18.385987,464.2,31,42708.69,637.0,11,0.0,1,2,1,6,1
CUST_0447,2024-11-01 23:11:18.385987,353.62,73,93907.77,776.0,16,2.5,0,11,1,4,0
CUST_0448,2026-03-05 23:11:18.385987,539.08,55,60875.6,707.0,6,18.7,0,3,5,3,1
CUST_0449,2026-03-13 23:11:18.385987,287.47,70,54883.18,671.0,14,17.3,0,3,13,4,0
CUST_0450,2025-12-15 23:11:18.385987,697.78,78,53457.64,688.0,9,4.7,1,12,15,0,0
CUST_0451,2026-09-29 23:11:18.385987,624.66,53,27528.9,740.0,11,15.6,0,9,29,1,0
CUST_0452,2025-06-06 23:11:18.385987,401.31,57,57804.61,685.0,17,12.2,0,6,6,4,0
CUST_0453,2024-10-19 23:11:18.385987,411.0,34,69949.71,628.0,8,19.4,0,10,19,5,0
CUST_0454,2025-01-12 23:11:18.385987,555.1,47,52292.33,716.0,6,7.5,0,1,12,6,0
CUST_0455,2026-02-02 23:11:18.385987,340.29,26,,760.0,8,13.6,0,2,2,0,0
CUST_0456,2026-10-11 23:11:18.385987,862.4,50,,757.0,13,1.3,0,10,11,6,0
CUST_0457,2026-03-09 23:11:18.385987,571.59,73,57181.44,672.0,9,7.9,0,3,9,0,0
CUST_0458,2025-05-19 23:11:18.385987,578.65,69,66330.81,763.0,12,19.3,0,5,19,0,0
CUST_0459,2025-06-25 23:11:18.385987,636.29,42,63793.22,711.0,9,10.8,0,6,25,2,0
CUST_0460,2024-07-22 23:11:18.385987,384.11,31,27890.7,762.0,11,5.8,0,7,22,0,0
CUST_0461,2024-08-30 23:11:18.385987,717.8,28,,729.0,9,2.4,0,8,30,4,0
CUST_0462,2025-12-28 23:11:18.385987,522.91,70,93549.26,624.0,15,14.1,0,12,28,6,1
CUST_0463,2026-12-26 23:11:18.385987,690.03,52,50151.08,787.0,6,12.9,1,12,26,5,0
CUST_0464,2025-06-03 23:11:18.385987,460.41,58,60316.15,703.0,11,7.5,0,6,3,1,0
CUST_0465,2024-08-21 23:11:18.385987,763.46,76,58264.88,,5,19.0,0,8,21,2,0
CUST_0466,2024-08-31 23:11:18.385987,580.27,31,91364.8,633.0,12,0.4,0,8,31,5,0
CUST_0467,2025-06-30 23:11:18.385987,936.5,47,85807.36,725.0,11,6.1,0,6,30,0,0
CUST_0468,2025-10-16 23:11:18.385987,426.1,58,76150.62,755.0,5,18.4,0,10,16,3,0
CUST_0469,2025-08-09 23:11:18.385987,540.91,21,40535.15,797.0,6,6.4,0,8,9,5,0
CUST_0470,2025-06-22 23:11:18.385987,293.68,76,67183.66,770.0,10,5.0,0,6,22,6,0
CUST_0471,2024-08-09 23:11:18.385987,394.14,21,71358.83,,7,10.7,0,8,9,4,0
CUST_0472,2026-11-25 23:11:18.385987,623.74,45,46027.9,623.0,14,16.5,0,11,25,2,0
CUST_0473,2024-08-06 23:11:18.385987,725.86,25,42589.66,707.0,5,2.1,0,8,6,1,0
CUST_0474,2025-04-10 23:11:18.385987,1093.0,19,,670.0,11,18.9,0,4,10,3,1
CUST_0475,2027-01-22 23:11:18.385987,480.67,58,53983.93,712.0,16,15.9,0,1,22,4,0
CUST_0476,2026-11-16 23:11:18.385987,313.36,78,92299.54,639.0,10,3.6,0,11,16,0,0
CUST_0477,2026-11-28 23:11:18.385987,650.67,63,79941.88,689.0,11,14.2,1,11,28,5,0
CUST_0478,2026-01-04 23:11:18.385987,274.43,39,68157.54,674.0,9,7.7,0,1,4,6,0
CUST_0479,2025-12-23 23:11:18.385987,612.86,58,69050.63,673.0,7,8.0,0,12,23,1,0
CUST_0480,2026-01-10 23:11:18.385987,399.55,73,31991.61,673.0,11,15.7,0,1,10,5,0
CUST_0481,2024-08-11 23:11:18.385987,542.32,72,64135.5,693.0,12,19.3,1,8,11,6,0
CUST_0482,2024-05-20 23:11:18.385987,718.21,33,88340.41,714.0,9,2.5,0,5,20,0,0
CUST_0483,2025-06-09 23:11:18.385987,477.85,46,73626.79,575.0,8,8.4,0,6,9,0,0
CUST_0484,2025-10-24 23:11:18.385987,686.58,79,63086.73,581.0,14,9.6,0,10,24,4,0
CUST_0485,2024-06-21 23:11:18.385987,674.63,66,94238.74,683.0,5,7.5,1,6,21,4,0
CUST_0486,2024-06-20 23:11:18.385987,127.13,65,56299.19,690.0,8,7.3,1,6,20,3,0
CUST_0487,2025-04-03 23:11:18.385987,319.68,47,47608.89,,9,1.0,1,4,3,3,0
CUST_0488,2024-10-23 23:11:18.385987,187.64,29,63076.64,664.0,13,13.7,0,10,23,2,0
CUST_0489,2025-09-18 23:11:18.385987,900.35,52,75329.35,700.0,9,8.7,0,9,18,3,1
CUST_0490,2026-10-02 23:11:18.385987,478.92,28,25644.12,,9,3.9,0,10,2,4,0
CUST_0491,2025-12-27 23:11:18.385987,856.17,63,65697.37,663.0,13,16.3,0,12,27,5,0
CUST_0492,2026-06-04 23:11:18.385987,173.41,67,76206.9,751.0,10,16.1,1,6,4,3,0
CUST_0493,2024-08-17 23:11:18.385987,385.45,38,54607.17,709.0,8,9.7,0,8,17,5,0
CUST_0494,2025-07-09 23:11:18.385987,660.1,38,82139.3,727.0,16,6.0,0,7,9,2,1
CUST_0495,2024-11-03 23:11:18.385987,535.85,22,72823.73,703.0,11,12.8,0,11,3,6,0
CUST_0496,2025-07-27 23:11:18.385987,606.57,65,,805.0,10,5.8,0,7,27,6,0
CUST_0497,2025-06-29 23:11:18.385987,249.24,37,44987.94,730.0,9,4.7,0,6,29,6,0
CUST_0498,2026-09-26 23:11:18.385987,775.36,54,76614.2,676.0,9,14.6,0,9,26,5,0
CUST_0499,2026-10-08 23:11:18.385987,655.4,20,39653.52,741.0,3,0.8,0,10,8,3,0
CUST_0500,2026-03-20 23:11:18.385987,580.33,61,27692.67,,12,1.9,0,3,20,4,0
CUST_0501,2024-11-02 23:11:18.385987,362.88,50,19289.38,706.0,10,0.1,0,11,2,5,0
CUST_0502,2025-06-08 23:11:18.385987,564.76,70,70766.48,716.0,12,3.1,0,6,8,6,1
CUST_0503,2026-11-06 23:11:18.385987,441.7,78,63684.96,707.0,7,1.4,0,11,6,4,0
CUST_0504,2026-07-11 23:11:18.385987,169.9,26,50418.98,683.0,8,19.9,0,7,11,5,0
CUST_0505,2026-12-25 23:11:18.385987,489.92,78,24529.91,649.0,11,5.8,0,12,25,4,0
CUST_0506,2026-03-24 23:11:18.385987,468.65,26,46192.27,661.0,13,3.0,0,3,24,1,0
CUST_0507,2025-05-27 23:11:18.385987,712.48,21,60081.86,,4,4.8,0,5,27,1,0
CUST_0508,2026-12-21 23:11:18.385987,53.11,52,75863.39,644.0,12,18.7,0,12,21,0,0
CUST_0509,2026-05-30 23:11:18.385987,547.04,34,59669.28,789.0,10,10.4,1,5,30,5,0
CUST_0510,2025-01-21 23:11:18.385987,268.89,51,65041.21,568.0,12,7.3,1,1,21,1,0
CUST_0511,2025-10-29 23:11:18.385987,563.84,41,52477.35,684.0,10,17.5,1,10,29,2,0
CUST_0512,2025-04-09 23:11:18.385987,574.86,49,94984.48,706.0,10,7.9,0,4,9,2,0
CUST_0513,2024-05-24 23:11:18.385987,482.63,18,,725.0,11,6.7,1,5,24,4,1
CUST_0514,2025-03-29 23:11:18.385987,661.46,25,46015.24,654.0,6,4.1,1,3,29,5,0
CUST_0515,2026-06-06 23:11:18.385987,250.85,62,50152.84,757.0,15,7.6,1,6,6,5,0
CUST_0516,2024-12-17 23:11:18.385987,721.54,40,70854.09,630.0,10,6.3,0,12,17,1,0
CUST_0517,2024-11-04 23:11:18.385987,358.38,64,39222.8,672.0,7,13.5,0,11,4,0,0
CUST_0518,2027-01-17 23:11:18.385987,188.82,57,62714.37,731.0,11,5.8,1,1,17,6,0
CUST_0519,2024-05-31 23:11:18.385987,445.52,29,63298.2,752.0,12,11.5,0,5,31,4,0
CUST_0520,2025-04-30 23:11:18.385987,80.97,71,46112.84,630.0,11,1.3,0,4,30,2,0
CUST_0521,2026-03-06 23:11:18.385987,550.83,29,66599.59,832.0,9,3.8,1,3,6,4,0
CUST_0522,2026-09-17 23:11:18.385987,448.15,63,39843.72,655.0,8,8.1,0,9,17,3,0
CUST_0523,2025-04-14 23:11:18.385987,746.74,64,37658.52,634.0,8,18.7,0,4,14,0,0
CUST_0524,2025-07-14 23:11:18.385987,629.78,32,61992.12,725.0,14,7.5,0,7,14,0,0
CUST_0525,2025-11-11 23:11:18.385987,221.6,58,26804.89,683.0,14,13.3,1,11,11,1,0
CUST_0526,2026-08-20 23:11:18.385987,332.32,36,17103.95,675.0,15,5.1,0,8,20,3,0
CUST_0527,2024-11-28 23:11:18.385987,604.13,43,70656.67,730.0,8,2.5,0,11,28,3,1
CUST_0528,2026-01-29 23:11:18.385987,669.42,69,80979.4,624.0,16,1.2,0,1,29,3,0
CUST_0529,2024-08-10 23:11:18.385987,744.5,46,,,8,6.1,0,8,10,5,0
CUST_0530,2025-11-18 23:11:18.385987,742.9,39,46638.59,670.0,9,3.2,0,11,18,1,0
CUST_0531,2024-07-16 23:11:18.385987,482.1,57,80110.7,754.0,9,3.5,1,7,16,1,0
CUST_0532,2026-01-21 23:11:18.385987,572.53,38,37089.24,672.0,15,15.2,1,1,21,2,0
CUST_0533,2025-02-17 23:11:18.385987,759.75,68,32732.55,780.0,10,0.3,0,2,17,0,1
CUST_0534,2026-08-31 23:11:18.385987,439.34,55,74152.73,,8,11.2,0,8,31,0,1
CUST_0535,2025-07-17 23:11:18.385987,575.95,37,60180.76,714.0,13,7.6,0,7,17,3,0
CUST_0536,2024-10-09 23:11:18.385987,434.62,74,81297.53,717.0,11,10.1,0,10,9,2,0
CUST_0537,2024-07-23 23:11:18.385987,389.81,46,17194.68,714.0,16,11.3,0,7,23,1,0
CUST_0538,2026-05-09 23:11:18.385987,509.68,68,31986.52,708.0,10,6.3,1,5,9,5,0
CUST_0539,2025-07-29 23:11:18.385987,362.49,21,60286.64,682.0,11,5.9,1,7,29,1,0
CUST_0540,2024-11-13 23:11:18.385987,473.82,72,,687.0,5,14.7,0,11,13,2,0
CUST_0541,2025-02-04 23:11:18.385987,293.01,24,76939.94,,10,17.4,0,2,4,1,0
CUST_0542,2024-12-31 23:11:18.385987,462.0,45,63496.36,589.0,10,3.9,0,12,31,1,0
CUST_0543,2025-09-08 23:11:18.385987,589.68,45,63293.1,755.0,10,2.0,0,9,8,0,0
CUST_0544,2024-09-03 23:11:18.385987,382.25,21,52211.97,708.0,7,18.0,0,9,3,1,0
CUST_0545,2026-12-08 23:11:18.385987,501.86,39,,700.0,9,7.0,1,12,8,1,0
CUST_0546,2025-10-03 23:11:18.385987,527.87,29,37939.53,720.0,8,11.0,1,10,3,4,0
CUST_0547,2026-08-12 23:11:18.385987,590.51,62,67180.4,659.0,8,7.2,0,8,12,2,0
CUST_0548,2025-12-21 23:11:18.385987,473.28,20,40243.82,650.0,13,2.5,1,12,21,6,0
CUST_0549,2024-09-12 23:11:18.385987,717.17,39,70695.57,686.0,16,11.8,0,9,12,3,0
CUST_0550,2024-09-02 23:11:18.385987,79.82,61,39259.65,768.0,5,10.5,0,9,2,0,0
CUST_0551,2025-08-25 23:11:18.385987,1087.55,19,74876.31,642.0,6,4.1,0,8,25,0,1
CUST_0552,2026-04-02 23:11:18.385987,325.77,41,62242.1,569.0,10,9.0,0,4,2,3,1
CUST_0553,2024-07-05 23:11:18.385987,580.68,51,94892.78,674.0,9,15.9,1,7,5,4,0
CUST_0554,2026-09-19 23:11:18.385987,312.31,44,54379.61,757.0,12,11.8,0,9,19,5,0
CUST_0555,2026-11-07 23:11:18.385987,628.85,72,68499.32,613.0,8,1.9,0,11,7,5,0
CUST_0556,2025-05-13 23:11:18.385987,555.31,58,44406.87,641.0,6,11.0,0,5,13,1,1
CUST_0557,2025-02-01 23:11:18.385987,369.86,18,54242.14,713.0,13,14.1,0,2,1,5,0
CUST_0558,2024-06-24 23:11:18.385987,714.62,25,62114.99,828.0,4,15.9,0,6,24,0,1
CUST_0559,2025-04-23 23:11:18.385987,467.21,40,29455.6,632.0,12,12.6,0,4,23,2,0
CUST_0560,2024-11-20 23:11:18.385987,609.44,55,31647.52,630.0,13,3.1,0,11,20,2,1
CUST_0561,2027-02-02 23:11:18.385987,316.57,23,71997.19,717.0,6,14.2,0,2,2,1,0
CUST_0562,2026-08-21 23:11:18.385987,493.82,39,57078.26,760.0,7,13.5,0,8,21,4,0
CUST_0563,2026-05-15 23:11:18.385987,900.68,42,48141.47,669.0,7,0.5,0,5,15,4,0
CUST_0564,2025-01-27 23:11:18.385987,692.59,35,45260.28,619.0,14,8.2,0,1,27,0,1
CUST_0565,2025-07-26 23:11:18.385987,561.52,34,46030.22,722.0,14,6.7,0,7,26,5,0
CUST_0566,2026-03-15 23:11:18.385987,410.22,78,62251.01,731.0,7,13.4,1,3,15,6,0
CUST_0567,2025-03-09 23:11:18.385987,513.5,29,68900.72,789.0,15,4.3,0,3,9,6,0
CUST_0568,2025-04-15 23:11:18.385987,539.51,23,18157.86,733.0,11,11.8,0,4,15,1,0
CUST_0569,2026-12-31 23:11:18.385987,589.85,43,88256.68,741.0,8,18.3,0,12,31,3,0
CUST_0570,2024-10-05 23:11:18.385987,284.67,44,,687.0,5,16.0,0,10,5,5,1
CUST_0571,2024-09-10 23:11:18.385987,633.68,25,13386.9,822.0,10,18.4,0,9,10,1,0
CUST_0572,2026-07-04 23:11:18.385987,282.08,36,81718.53,680.0,9,19.6,0,7,4,5,0
CUST_0573,2024-06-28 23:11:18.385987,826.23,77,,669.0,10,0.2,0,6,28,4,0
CUST_0574,2025-04-27 23:11:18.385987,345.67,59,60008.91,790.0,12,12.5,0,4,27,6,0
CUST_0575,2026-11-22 23:11:18.385987,559.33,18,34056.63,626.0,17,8.3,0,11,22,6,0
CUST_0576,2024-09-28 23:11:18.385987,701.03,74,,608.0,8,17.2,0,9,28,5,0
CUST_0577,2025-08-22 23:11:18.385987,449.52,46,55175.38,,11,5.0,0,8,22,4,0
CUST_0578,2025-06-12 23:11:18.385987,568.12,62,70977.58,700.0,9,19.6,0,6,12,3,0
CUST_0579,2026-01-24 23:11:18.385987,787.04,66,104384.03,689.0,11,12.3,0,1,24,5,0
CUST_0580,2025-03-25 23:11:18.385987,612.88,52,,750.0,9,15.9,0,3,25,1,0
CUST_0581,2024-05-28 23:11:18.385987,571.11,57,41662.31,655.0,14,1.7,0,5,28,1,1
CUST_0582,2026-07-27 23:11:18.385987,163.04,31,53285.38,703.0,8,3.7,0,7,27,0,0
CUST_0583,2026-07-08 23:11:18.385987,313.26,52,44211.09,682.0,16,15.2,0,7,8,2,0
CUST_0584,2026-07-26 23:11:18.385987,709.38,65,68669.79,655.0,5,0.4,0,7,26,6,0
CUST_0585,2025-06-20 23:11:18.385987,613.99,62,43878.65,697.0,9,16.3,1,6,20,4,0
CUST_0586,2025-10-28 23:11:18.385987,644.29,37,,743.0,3,0.3,0,10,28,1,0
CUST_0587,2026-01-19 23:11:18.385987,627.08,73,34311.39,806.0,13,13.1,0,1,19,0,0
CUST_0588,2024-06-16 23:11:18.385987,757.95,66,57358.26,729.0,8,7.3,0,6,16,6,0
CUST_0589,2024-10-31 23:11:18.385987,447.72,30,63535.1,574.0,8,12.2,0,10,31,3,0
CUST_0590,2025-01-09 23:11:18.385987,524.1,78,6304.24,698.0,11,13.9,0,1,9,3,0
CUST_0591,2026-08-15 23:11:18.385987,294.27,55,65191.47,702.0,11,6.8,0,8,15,5,1
CUST_0592,2026-03-07 23:11:18.385987,244.4,66,59086.0,,13,2.2,0,3,7,5,0
CUST_0593,2026-06-02 23:11:18.385987,171.25,63,44700.16,709.0,5,1.4,0,6,2,1,1
CUST_0594,2026-09-14 23:11:18.385987,322.97,66,,763.0,8,11.8,0,9,14,0,0
CUST_0595,2024-10-10 23:11:18.385987,810.51,79,79169.53,720.0,13,10.4,0,10,10,3,0
CUST_0596,2025-02-20 23:11:18.385987,189.45,25,38071.95,778.0,2,14.8,0,2,20,3,0
CUST_0597,2026-01-01 23:11:18.385987,439.29,60,76764.74,678.0,12,10.2,0,1,1,3,0
CUST_0598,2025-11-29 23:11:18.385987,241.37,37,84889.96,707.0,9,8.4,0,11,29,5,0
CUST_0599,2026-05-22 23:11:18.385987,379.81,77,62640.42,741.0,12,8.0,0,5,22,4,0
CUST_0600,2024-05-26 23:11:18.385987,533.94,50,67228.84,671.0,9,0.5,0,5,26,6,0
CUST_0601,2024-09-13 23:11:18.385987,359.98,43,66766.93,660.0,10,6.7,0,9,13,4,0
CUST_0602,2025-03-27 23:11:18.385987,717.93,56,18283.68,669.0,12,19.5,1,3,27,3,1
CUST_0603,2025-01-19 23:11:18.385987,806.8,38,56262.61,663.0,12,17.5,0,1,19,6,0
CUST_0604,2026-02-25 23:11:18.385987,50.18,70,55221.74,,6,6.6,0,2,25,2,0
CUST_0605,2026-12-29 23:11:18.385987,363.4,66,88603.11,608.0,10,11.8,1,12,29,1,0
CUST_0606,2024-11-15 23:11:18.385987,511.83,79,66674.56,622.0,11,16.9,0,11,15,4,0
CUST_0607,2024-09-01 23:11:18.385987,725.22,59,54047.78,793.0,9,8.8,0,9,1,6,0
CUST_0608,2026-01-15 23:11:18.385987,409.15,60,,664.0,13,0.4,1,1,15,3,0
CUST_0609,2026-01-05 23:11:18.385987,496.01,71,80467.71,710.0,15,1.5,0,1,5,0,0
CUST_0610,2024-11-05 23:11:18.385987,268.65,79,56308.31,626.0,9,10.2,0,11,5,1,0
CUST_0611,2025-03-06 23:11:18.385987,193.44,58,46036.09,705.0,14,19.4,0,3,6,3,0
CUST_0612,2026-06-07 23:11:18.385987,789.08,26,,664.0,14,13.9,0,6,7,6,0
CUST_0613,2026-04-21 23:11:18.385987,135.19,41,78813.92,622.0,6,1.4,0,4,21,1,1
CUST_0614,2026-05-02 23:11:18.385987,965.72,54,69923.3,767.0,9,3.8,0,5,2,5,0
CUST_0615,2026-03-25 23:11:18.385987,645.03,66,60885.36,,8,15.4,1,3,25,2,0
CUST_0616,2027-01-13 23:11:18.385987,635.99,58,63830.79,,8,16.8,1,1,13,2,1
CUST_0617,2025-10-08 23:11:18.385987,615.09,34,48805.15,750.0,9,12.4,1,10,8,2,0
CUST_0618,2027-01-18 23:11:18.385987,449.46,41,56121.01,795.0,13,12.9,1,1,18,0,0
CUST_0619,2024-06-23 23:11:18.385987,578.42,38,,738.0,12,0.6,1,6,23,6,0
CUST_0620,2026-11-04 23:11:18.385987,462.22,68,54104.41,724.0,6,16.6,0,11,4,2,0
CUST_0621,2024-10-13 23:11:18.385987,610.61,76,86923.57,710.0,13,15.8,0,10,13,6,1
CUST_0622,2026-09-07 23:11:18.385987,493.26,56,38442.56,732.0,4,5.2,0,9,7,0,0
CUST_0623,2024-10-27 23:11:18.385987,309.93,72,46225.65,682.0,14,14.2,1,10,27,6,0
CUST_0624,2024-05-25 23:11:18.385987,325.89,58,34914.02,686.0,7,4.3,0,5,25,5,0
CUST_0625,2025-10-02 23:11:18.385987,303.15,56,30581.82,,10,0.8,0,10,2,3,1
CUST_0626,2024-06-26 23:11:18.385987,694.18,30,56264.56,,8,4.0,0,6,26,2,0
CUST_0627,2027-01-05 23:11:18.385987,376.51,28,47647.82,682.0,8,3.6,0,1,5,1,0
CUST_0628,2026-12-05 23:11:18.385987,117.58,63,95233.78,700.0,7,6.8,0,12,5,5,1
CUST_0629,2025-10-06 23:11:18.385987,579.37,36,54343.07,758.0,13,8.4,0,10,6,0,0
CUST_0630,2026-12-17 23:11:18.385987,802.9,28,85787.94,,12,10.2,0,12,17,3,1
CUST_0631,2025-09-01 23:11:18.385987,654.62,30,79360.13,738.0,9,9.5,0,9,1,0,0
CUST_0632,2025-02-16 23:11:18.385987,379.34,63,55820.92,740.0,8,5.4,0,2,16,6,0
CUST_0633,2026-04-27 23:11:18.385987,182.64,62,102202.71,739.0,12,0.6,0,4,27,0,0
CUST_0634,2026-10-03 23:11:18.385987,473.15,18,,660.0,8,12.1,0,10,3,5,0
CUST_0635,2024-12-20 23:11:18.385987,468.16,57,90260.19,615.0,10,7.9,0,12,20,4,0
CUST_0636,2024-06-04 23:11:18.385987,306.16,61,87931.94,728.0,15,6.0,0,6,4,1,0
CUST_0637,2026-12-19 23:11:18.385987,610.21,36,68292.96,709.0,7,17.3,1,12,19,5,0
CUST_0638,2025-07-20 23:11:18.385987,869.33,29,75022.62,750.0,9,14.9,0,7,20,6,0
CUST_0639,2026-12-16 23:11:18.385987,544.46,25,72481.43,665.0,9,17.2,0,12,16,2,0
CUST_0640,2025-05-08 23:11:18.385987,532.1,25,37114.77,738.0,8,9.9,0,5,8,3,1
CUST_0641,2024-12-24 23:11:18.385987,312.55,78,61145.81,753.0,9,2.6,0,12,24,1,0
CUST_0642,2024-06-15 23:11:18.385987,779.48,70,81484.94,695.0,5,13.9,1,6,15,5,1
CUST_0643,2026-12-30 23:11:18.385987,484.97,62,90523.73,721.0,13,4.1,0,12,30,2,0
CUST_0644,2025-05-18 23:11:18.385987,384.21,29,,,8,8.8,0,5,18,6,0
CUST_0645,2025-08-21 23:11:18.385987,512.74,78,70576.63,659.0,16,1.3,0,8,21,3,0
CUST_0646,2027-01-01 23:11:18.385987,594.39,65,63017.4,727.0,5,16.5,1,1,1,4,0
CUST_0647,2026-09-06 23:11:18.385987,527.84,50,57642.52,781.0,14,2.5,0,9,6,6,0
CUST_0648,2026-04-13 23:11:18.385987,741.23,62,67120.05,701.0,9,18.1,0,4,13,0,0
CUST_0649,2026-08-28 23:11:18.385987,576.79,43,64359.95,627.0,10,17.3,0,8,28,4,1
CUST_0650,2024-11-19 23:11:18.385987,443.21,56,70828.15,,5,9.3,1,11,19,1,0
CUST_0651,2026-09-10 23:11:18.385987,580.24,45,88834.34,611.0,9,14.9,0,9,10,3,0
CUST_0652,2026-09-20 23:11:18.385987,599.93,75,75682.55,765.0,8,12.4,0,9,20,6,1
CUST_0653,2025-09-24 23:11:18.385987,240.72,22,,738.0,6,16.1,0,9,24,2,1
CUST_0654,2027-01-03 23:11:18.385987,729.88,25,97292.5,675.0,8,8.6,0,1,3,6,1
CUST_0655,2026-08-17 23:11:18.385987,439.82,42,82198.59,629.0,8,15.7,0,8,17,0,0
CUST_0656,2025-12-09 23:11:18.385987,444.94,44,58152.03,658.0,14,9.2,0,12,9,1,0
CUST_0657,2027-01-02 23:11:18.385987,650.28,63,35657.59,668.0,6,18.8,0,1,2,5,0
CUST_0658,2024-10-18 23:11:18.385987,649.43,40,40243.39,705.0,8,9.7,1,10,18,4,0
CUST_0659,2026-11-03 23:11:18.385987,359.83,47,78664.65,704.0,3,9.3,0,11,3,1,0
CUST_0660,2024-10-08 23:11:18.385987,660.58,62,47393.75,767.0,10,15.7,0,10,8,1,0
CUST_0661,2026-07-19 23:11:18.385987,387.91,64,39838.89,665.0,8,16.4,0,7,19,6,0
CUST_0662,2027-01-27 23:11:18.385987,863.91,40,44838.29,625.0,10,11.1,0,1,27,2,0
CUST_0663,2026-06-03 23:11:18.385987,334.36,66,46252.31,642.0,8,3.6,1,6,3,2,0
CUST_0664,2024-08-28 23:11:18.385987,547.9,64,77012.95,699.0,8,9.4,0,8,28,2,0
CUST_0665,2024-12-21 23:11:18.385987,343.6,37,56865.16,664.0,8,19.4,0,12,21,5,0
CUST_0666,2026-03-28 23:11:18.385987,944.54,35,32552.51,685.0,10,15.1,1,3,28,5,1
CUST_0667,2024-08-20 23:11:18.385987,252.44,35,60620.9,677.0,5,16.2,0,8,20,1,0
CUST_0668,2025-07-04 23:11:18.385987,604.87,19,64445.32,750.0,10,0.7,1,7,4,4,1
CUST_0669,2025-07-02 23:11:18.385987,353.02,21,50413.26,671.0,9,9.4,0,7,2,2,0
CUST_0670,2026-05-29 23:11:18.385987,429.18,47,83117.7,681.0,8,12.9,1,5,29,4,0
CUST_0671,2025-12-16 23:11:18.385987,590.71,50,51581.22,736.0,3,16.6,0,12,16,1,0
CUST_0672,2026-06-28 23:11:18.385987,744.92,53,82166.75,,13,1.0,0,6,28,6,1
CUST_0673,2026-03-12 23:11:18.385987,824.68,35,71935.66,721.0,6,17.0,1,3,12,3,0
CUST_0674,2024-09-05 23:11:18.385987,192.61,54,78532.11,717.0,12,11.0,0,9,5,3,0
CUST_0675,2024-07-01 23:11:18.385987,553.55,36,38028.98,707.0,19,3.9,0,7,1,0,0
CUST_0676,2024-10-07 23:11:18.385987,791.9,64,,643.0,13,6.3,0,10,7,0,0
CUST_0677,2025-06-16 23:11:18.385987,162.94,45,58943.44,761.0,7,5.6,1,6,16,0,0
CUST_0678,2026-12-10 23:11:18.385987,562.88,57,31559.87,811.0,9,10.6,0,12,10,3,0
CUST_0679,2024-12-02 23:11:18.385987,499.58,37,82101.21,700.0,5,1.0,1,12,2,0,0
CUST_0680,2026-02-26 23:11:18.385987,582.91,66,43651.98,648.0,6,3.2,0,2,26,3,0
CUST_0681,2026-08-30 23:11:18.385987,345.54,50,47808.64,701.0,11,16.3,0,8,30,6,0
CUST_0682,2026-06-10 23:11:18.385987,212.88,29,39733.68,749.0,6,2.7,1,6,10,2,0
CUST_0683,2024-05-17 23:11:18.385987,117.38,75,74023.73,669.0,7,4.7,0,5,17,4,0
CUST_0684,2026-07-25 23:11:18.385987,695.28,68,29481.41,694.0,9,9.1,0,7,25,5,0
CUST_0685,2024-06-14 23:11:18.385987,720.81,32,,717.0,4,10.3,0,6,14,4,0
CUST_0686,2025-08-04 23:11:18.385987,560.54,58,80890.28,760.0,13,15.3,0,8,4,0,0
CUST_0687,2026-02-19 23:11:18.385987,393.17,56,70743.57,739.0,8,8.9,0,2,19,3,0
CUST_0688,2025-01-17 23:11:18.385987,175.39,19,74252.57,741.0,8,15.8,1,1,17,4,0
CUST_0689,2025-03-08 23:11:18.385987,612.67,46,75190.93,679.0,11,12.4,0,3,8,5,0
CUST_0690,2026-05-25 23:11:18.385987,279.84,58,41011.51,720.0,8,2.3,0,5,25,0,0
CUST_0691,2025-12-01 23:11:18.385987,357.74,27,88694.7,664.0,6,3.1,0,12,1,0,0
CUST_0692,2026-01-22 23:11:18.385987,382.69,19,50798.47,742.0,18,8.7,0,1,22,3,0
CUST_0693,2026-05-11 23:11:18.385987,460.49,68,58672.25,758.0,5,7.9,0,5,11,0,0
CUST_0694,2026-10-17 23:11:18.385987,348.19,28,53347.25,728.0,8,14.9,1,10,17,5,0
CUST_0695,2025-01-26 23:11:18.385987,506.69,30,69830.84,682.0,9,11.6,0,1,26,6,1
CUST_0696,2026-01-09 23:11:18.385987,375.64,27,49239.26,690.0,7,7.8,0,1,9,4,0
CUST_0697,2025-03-02 23:11:18.385987,640.27,31,61338.31,790.0,8,3.4,0,3,2,6,0
CUST_0698,2025-06-27 23:11:18.385987,706.21,35,35293.12,682.0,7,4.5,0,6,27,4,0
CUST_0699,2024-10-06 23:11:18.385987,521.71,68,83293.3,752.0,16,11.5,1,10,6,6,0
CUST_0700,2026-07-06 23:11:18.385987,592.53,71,73414.82,717.0,9,8.5,0,7,6,0,1
CUST_0701,2026-02-08 23:11:18.385987,923.57,26,54154.8,683.0,10,10.3,0,2,8,6,0
CUST_0702,2026-10-15 23:11:18.385987,265.48,74,50617.02,633.0,9,3.4,0,10,15,3,0
CUST_0703,2025-11-10 23:11:18.385987,253.31,56,72892.56,711.0,9,13.3,0,11,10,0,0
CUST_0704,2026-10-12 23:11:18.385987,639.0,45,45854.13,705.0,7,17.1,0,10,12,0,0
CUST_0705,2025-09-09 23:11:18.385987,889.31,20,62507.31,790.0,11,5.2,0,9,9,1,0
CUST_0706,2024-10-03 23:11:18.385987,447.9,37,83227.98,657.0,3,9.8,1,10,3,3,0
CUST_0707,2024-10-02 23:11:18.385987,845.37,23,43774.86,,10,19.5,1,10,2,2,1
CUST_0708,2026-04-29 23:11:18.385987,519.29,44,67372.02,719.0,21,6.7,0,4,29,2,0
CUST_0709,2026-11-26 23:11:18.385987,363.82,70,66314.51,719.0,7,11.9,0,11,26,3,1
CUST_0710,2026-05-18 23:11:18.385987,301.86,19,58053.26,670.0,6,1.8,0,5,18,0,0
CUST_0711,2026-02-27 23:11:18.385987,625.88,46,49924.21,,15,12.1,1,2,27,4,0
CUST_0712,2025-04-22 23:11:18.385987,317.01,55,84295.94,724.0,3,1.8,1,4,22,1,1
CUST_0713,2025-08-15 23:11:18.385987,516.26,20,48048.63,747.0,11,19.2,0,8,15,4,0
CUST_0714,2025-03-30 23:11:18.385987,816.69,33,23759.22,651.0,11,14.3,0,3,30,6,1
CUST_0715,2024-11-11 23:11:18.385987,438.64,47,,770.0,11,15.8,0,11,11,0,0
CUST_0716,2024-09-09 23:11:18.385987,762.8,57,35973.93,718.0,5,14.1,0,9,9,0,0
CUST_0717,2026-09-09 23:11:18.385987,257.09,19,73837.62,730.0,10,11.8,0,9,9,2,0
CUST_0718,2026-01-07 23:11:18.385987,393.22,34,86698.06,689.0,13,9.0,0,1,7,2,0
CUST_0719,2024-09-29 23:11:18.385987,218.57,58,72595.0,654.0,8,17.2,0,9,29,6,0
CUST_0720,2026-12-23 23:11:18.385987,514.6,79,81428.23,704.0,14,19.1,0,12,23,2,0
CUST_0721,2024-11-22 23:11:18.385987,656.02,29,100400.98,709.0,13,10.0,0,11,22,4,0
CUST_0722,2026-01-08 23:11:18.385987,515.04,52,79335.21,631.0,10,18.6,0,1,8,3,0
CUST_0723,2025-02-12 23:11:18.385987,745.41,60,66611.47,740.0,9,11.7,0,2,12,2,0
CUST_0724,2025-02-26 23:11:18.385987,350.16,18,92678.96,750.0,12,10.8,0,2,26,2,0
CUST_0725,2025-06-13 23:11:18.385987,545.07,72,95095.51,664.0,17,9.1,0,6,13,4,1
CUST_0726,2024-09-08 23:11:18.385987,394.51,62,95375.44,649.0,11,4.2,0,9,8,6,0
CUST_0727,2024-11-08 23:11:18.385987,572.34,32,50157.13,685.0,6,0.1,0,11,8,4,0
CUST_0728,2024-11-27 23:11:18.385987,600.75,43,32919.63,701.0,9,4.8,0,11,27,2,0
CUST_0729,2025-07-21 23:11:18.385987,616.48,54,48936.16,687.0,10,10.2,0,7,21,0,1
CUST_0730,2025-01-10 23:11:18.385987,285.88,38,74072.83,697.0,11,7.6,0,1,10,4,1
CUST_0731,2025-06-28 23:11:18.385987,322.05,79,63183.18,711.0,9,9.0,0,6,28,5,0
CUST_0732,2026-11-27 23:11:18.385987,359.14,66,55870.38,632.0,9,19.6,0,11,27,4,0
CUST_0733,2026-06-13 23:11:18.385987,452.22,48,71209.63,,13,7.0,0,6,13,5,0
CUST_0734,2026-11-01 23:11:18.385987,517.44,42,30583.9,,2,9.0,0,11,1,6,1
CUST_0735,2026-08-22 23:11:18.385987,641.62,40,62823.39,747.0,8,2.7,0,8,22,5,0
CUST_0736,2026-10-13 23:11:18.385987,330.38,41,82369.15,701.0,10,1.0,0,10,13,1,0
CUST_0737,2024-09-15 23:11:18.385987,179.8,74,70986.31,752.0,7,15.5,0,9,15,6,0
CUST_0738,2026-02-05 23:11:18.385987,931.15,55,,643.0,11,11.4,0,2,5,3,1
CUST_0739,2025-06-15 23:11:18.385987,273.71,45,91947.46,701.0,15,15.2,0,6,15,6,0
CUST_0740,2026-07-02 23:11:18.385987,667.26,38,58677.13,711.0,11,3.0,0,7,2,3,0
CUST_0741,2026-06-18 23:11:18.385987,506.25,71,46938.17,672.0,7,11.4,1,6,18,3,1
CUST_0742,2026-05-14 23:11:18.385987,550.26,60,83790.3,622.0,13,5.1,0,5,14,3,0
CUST_0743,2026-11-08 23:11:18.385987,499.69,35,83422.41,787.0,9,4.6,0,11,8,6,0
CUST_0744,2024-12-14 23:11:18.385987,423.03,53,71165.83,770.0,7,0.2,0,12,14,5,0
CUST_0745,2026-02-09 23:11:18.385987,592.79,52,56792.58,681.0,13,2.6,1,2,9,0,0
CUST_0746,2026-11-10 23:11:18.385987,412.28,62,60027.59,726.0,7,6.2,0,11,10,1,0
CUST_0747,2026-05-31 23:11:18.385987,733.26,72,34464.54,676.0,14,2.3,0,5,31,6,0
CUST_0748,2026-07-24 23:11:18.385987,613.69,26,82258.93,650.0,4,19.7,1,7,24,4,0
CUST_0749,2026-11-14 23:11:18.385987,619.92,70,81553.03,,12,6.2,0,11,14,5,0
CUST_0750,2026-01-23 23:11:18.385987,398.58,55,33766.34,617.0,13,2.6,1,1,23,4,0
CUST_0751,2026-09-30 23:11:18.385987,452.73,75,77352.64,686.0,10,4.0,1,9,30,2,1
CUST_0752,2026-06-08 23:11:18.385987,262.42,47,,704.0,6,11.8,0,6,8,0,0
CUST_0753,2025-05-30 23:11:18.385987,429.4,77,39560.52,783.0,8,1.3,0,5,30,4,1
CUST_0754,2027-01-06 23:11:18.385987,292.68,61,35880.0,745.0,11,17.2,0,1,6,2,0
CUST_0755,2025-09-30 23:11:18.385987,762.61,51,67469.87,616.0,14,19.2,0,9,30,1,0
CUST_0756,2025-01-31 23:11:18.385987,510.11,49,52045.92,700.0,9,4.9,0,1,31,4,1
CUST_0757,2026-08-06 23:11:18.385987,534.1,20,96398.98,701.0,9,9.0,0,8,6,3,0
CUST_0758,2025-07-24 23:11:18.385987,454.97,20,79051.97,689.0,9,0.4,0,7,24,3,0
CUST_0759,2025-09-17 23:11:18.385987,539.52,45,69473.86,731.0,10,12.8,0,9,17,2,0
CUST_0760,2024-08-29 23:11:18.385987,992.98,61,70461.58,630.0,10,8.3,0,8,29,3,0
CUST_0761,2026-03-31 23:11:18.385987,439.97,32,86617.34,680.0,10,5.4,0,3,31,1,0
CUST_0762,2024-12-27 23:11:18.385987,369.92,58,76930.36,724.0,13,4.1,0,12,27,4,0
CUST_0763,2026-09-25 23:11:18.385987,605.94,40,69995.33,734.0,11,13.1,0,9,25,4,1
CUST_0764,2026-01-06 23:11:18.385987,-5.14,57,40394.78,707.0,10,8.3,0,1,6,1,0
CUST_0765,2026-03-11 23:11:18.385987,512.79,28,121238.94,686.0,7,3.6,0,3,11,2,0
CUST_0766,2025-05-17 23:11:18.385987,425.66,65,37936.34,694.0,9,13.8,0,5,17,5,0
CUST_0767,2027-01-15 23:11:18.385987,301.54,49,53749.15,737.0,4,11.3,1,1,15,4,0
CUST_0768,2026-08-29 23:11:18.385987,601.55,75,26905.43,702.0,7,17.2,0,8,29,5,1
CUST_0769,2024-12-28 23:11:18.385987,510.8,76,70775.96,,11,2.3,0,12,28,5,0
CUST_0770,2026-07-03 23:11:18.385987,139.52,74,63022.21,638.0,12,15.7,0,7,3,4,0
CUST_0771,2026-03-16 23:11:18.385987,370.69,71,75305.53,626.0,13,13.5,0,3,16,0,0
CUST_0772,2025-03-22 23:11:18.385987,-77.65,53,25218.69,773.0,10,2.3,0,3,22,5,0
CUST_0773,2026-02-16 23:11:18.385987,558.65,77,82258.11,,11,13.9,0,2,16,0,0
CUST_0774,2025-06-23 23:11:18.385987,556.66,50,43851.29,695.0,5,8.8,0,6,23,0,0
CUST_0775,2026-10-24 23:11:18.385987,341.34,41,57019.9,677.0,6,18.9,1,10,24,5,0
CUST_0776,2026-04-18 23:11:18.385987,608.02,56,78631.43,671.0,11,2.8,0,4,18,5,0
CUST_0777,2025-05-02 23:11:18.385987,243.5,51,65225.33,755.0,15,12.9,0,5,2,4,0
CUST_0778,2025-01-22 23:11:18.385987,306.7,73,66638.85,795.0,11,7.6,1,1,22,2,0
CUST_0779,2026-05-23 23:11:18.385987,583.44,45,,670.0,4,19.1,0,5,23,5,0
CUST_0780,2026-01-26 23:11:18.385987,362.27,54,68575.81,757.0,9,6.6,0,1,26,0,0
CUST_0781,2026-01-31 23:11:18.385987,487.47,24,53177.84,701.0,15,19.2,0,1,31,5,0
CUST_0782,2025-02-15 23:11:18.385987,387.27,21,56670.62,,7,18.0,0,2,15,5,0
CUST_0783,2025-05-20 23:11:18.385987,417.81,54,64237.57,775.0,6,5.4,0,5,20,1,1
CUST_0784,2025-05-28 23:11:18.385987,426.56,73,42088.88,699.0,14,16.1,0,5,28,2,0
CUST_0785,2024-12-19 23:11:18.385987,358.65,18,79920.17,715.0,10,19.9,1,12,19,3,0
CUST_0786,2026-12-18 23:11:18.385987,560.49,18,65773.08,,8,5.1,1,12,18,4,0
CUST_0787,2026-08-01 23:11:18.385987,374.41,64,61495.53,619.0,17,8.7,1,8,1,5,0
CUST_0788,2025-08-24 23:11:18.385987,503.14,37,83849.93,714.0,10,10.4,1,8,24,6,0
CUST_0789,2025-04-21 23:11:18.385987,354.25,36,57597.73,672.0,6,5.9,0,4,21,0,0
CUST_0790,2025-09-26 23:11:18.385987,193.14,46,56351.58,629.0,11,0.3,0,9,26,4,0
CUST_0791,2026-02-07 23:11:18.385987,682.49,27,50307.42,,6,4.4,0,2,7,5,0
CUST_0792,2027-01-21 23:11:18.385987,599.91,77,66861.34,674.0,8,5.6,0,1,21,3,0
CUST_0793,2026-11-23 23:11:18.385987,957.74,35,66169.0,751.0,12,8.9,1,11,23,0,0
CUST_0794,2026-10-31 23:11:18.385987,291.21,45,46674.32,647.0,7,3.4,0,10,31,5,0
CUST_0795,2026-01-18 23:11:18.385987,458.21,52,56446.12,661.0,11,17.5,1,1,18,6,0
CUST_0796,2026-09-11 23:11:18.385987,474.3,60,46807.95,712.0,15,14.1,1,9,11,4,0
CUST_0797,2026-07-21 23:11:18.385987,697.87,64,45902.63,634.0,13,1.7,1,7,21,1,0
CUST_0798,2026-02-13 23:11:18.385987,398.58,48,,667.0,10,13.0,1,2,13,4,0
CUST_0799,2026-09-02 23:11:18.385987,265.79,44,55381.79,617.0,11,13.1,0,9,2,2,0
CUST_0800,2025-11-16 23:11:18.385987,741.56,79,25955.73,746.0,9,19.1,0,11,16,6,0
CUST_0801,2026-12-22 23:11:18.385987,436.67,28,50743.69,685.0,12,0.1,0,12,22,1,1
CUST_0802,2025-12-07 23:11:18.385987,675.73,66,47746.11,699.0,10,5.0,0,12,7,6,0
CUST_0803,2026-07-13 23:11:18.385987,652.44,66,81037.9,746.0,7,18.6,0,7,13,0,0
CUST_0804,2024-08-02 23:11:18.385987,494.02,55,39701.3,664.0,14,18.6,1,8,2,4,0
CUST_0805,2025-01-06 23:11:18.385987,465.14,22,,684.0,12,14.4,1,1,6,0,0
CUST_0806,2026-04-07 23:11:18.385987,421.69,25,52369.52,647.0,13,15.3,0,4,7,1,0
CUST_0807,2024-10-15 23:11:18.385987,496.96,51,,647.0,10,1.8,0,10,15,1,0
CUST_0808,2025-10-15 23:11:18.385987,672.62,65,87385.1,654.0,9,10.3,0,10,15,2,0
CUST_0809,2024-06-13 23:11:18.385987,340.71,69,37228.65,675.0,13,4.6,0,6,13,3,0
CUST_0810,2025-10-31 23:11:18.385987,521.77,73,52411.91,681.0,15,3.6,0,10,31,4,0
CUST_0811,2024-10-26 23:11:18.385987,276.27,29,66641.3,714.0,9,16.2,0,10,26,5,0
CUST_0812,2026-02-22 23:11:18.385987,301.18,55,,655.0,11,2.7,0,2,22,6,0
CUST_0813,2026-10-16 23:11:18.385987,493.81,18,52395.17,716.0,10,9.4,0,10,16,4,0
CUST_0814,2026-09-13 23:11:18.385987,107.97,48,21638.01,724.0,10,18.8,0,9,13,6,0
CUST_0815,2026-09-03 23:11:18.385987,912.11,21,56997.92,677.0,17,3.7,0,9,3,3,0
CUST_0816,2026-12-09 23:11:18.385987,261.39,66,87040.57,660.0,6,19.6,0,12,9,2,1
CUST_0817,2026-05-12 23:11:18.385987,491.98,62,65643.75,,7,19.9,0,5,12,1,0
CUST_0818,2024-08-12 23:11:18.385987,733.64,67,64728.36,690.0,9,11.1,0,8,12,0,0
CUST_0819,2025-11-23 23:11:18.385987,327.42,22,38739.64,711.0,13,3.4,1,11,23,6,0
CUST_0820,2025-01-04 23:11:18.385987,39.46,47,,778.0,6,6.3,0,1,4,5,0
CUST_0821,2026-05-21 23:11:18.385987,411.01,73,,703.0,10,8.5,0,5,21,3,0
CUST_0822,2025-12-04 23:11:18.385987,325.04,41,,668.0,11,6.2,0,12,4,3,0
CUST_0823,2026-03-30 23:11:18.385987,44.73,76,75627.24,655.0,7,5.6,0,3,30,0,0
CUST_0824,2025-08-12 23:11:18.385987,556.98,20,43067.08,657.0,8,19.4,1,8,12,1,0
CUST_0825,2025-11-13 23:11:18.385987,541.42,28,59506.85,627.0,9,3.1,0,11,13,3,0
CUST_0826,2026-10-14 23:11:18.385987,728.47,62,22284.66,747.0,9,14.7,0,10,14,2,1
CUST_0827,2024-12-01 23:11:18.385987,275.84,21,52123.96,588.0,10,0.0,0,12,1,6,0
CUST_0828,2025-06-05 23:11:18.385987,180.17,43,36282.79,724.0,10,11.9,0,6,5,3,1
CUST_0829,2026-07-12 23:11:18.385987,418.66,44,13560.87,657.0,14,18.3,0,7,12,6,0
CUST_0830,2025-06-10 23:11:18.385987,482.33,63,70836.84,674.0,9,5.8,0,6,10,1,0
CUST_0831,2026-06-14 23:11:18.385987,684.27,71,92823.19,,15,3.7,0,6,14,6,0
CUST_0832,2026-09-04 23:11:18.385987,782.11,60,82589.47,772.0,10,13.0,0,9,4,4,1
CUST_0833,2024-12-12 23:11:18.385987,742.9,44,73633.81,701.0,14,14.3,0,12,12,3,0
CUST_0834,2024-05-13 23:11:18.385987,555.31,59,51717.58,740.0,15,13.8,0,5,13,0,0
CUST_0835,2026-06-16 23:11:18.385987,659.9,68,76117.8,765.0,15,6.4,0,6,16,1,0
CUST_0836,2026-02-10 23:11:18.385987,371.9,67,84477.06,708.0,10,5.0,0,2,10,1,0
CUST_0837,2026-11-24 23:11:18.385987,533.68,23,62736.44,640.0,9,19.1,0,11,24,1,0
CUST_0838,2026-01-11 23:11:18.385987,261.74,76,36312.8,689.0,7,18.5,0,1,11,6,1
CUST_0839,2026-05-17 23:11:18.385987,512.54,78,50012.31,663.0,4,9.1,0,5,17,6,0
CUST_0840,2025-11-06 23:11:18.385987,517.73,32,94053.93,675.0,9,16.9,0,11,6,3,0
CUST_0841,2026-05-04 23:11:18.385987,844.43,70,58505.12,695.0,9,9.0,0,5,4,0,0
CUST_0842,2026-03-23 23:11:18.385987,454.2,47,-6495.11,,18,8.5,0,3,23,0,0
CUST_0843,2024-08-15 23:11:18.385987,518.01,59,30621.53,721.0,14,3.1,1,8,15,3,0
CUST_0844,2026-07-22 23:11:18.385987,547.39,54,51511.03,,5,8.5,0,7,22,2,0
CUST_0845,2026-05-06 23:11:18.385987,409.04,75,80716.5,693.0,11,10.7,0,5,6,2,0
CUST_0846,2025-12-03 23:11:18.385987,339.5,78,54537.55,720.0,3,0.5,0,12,3,2,0
CUST_0847,2025-06-19 23:11:18.385987,759.76,54,81088.63,673.0,11,8.9,1,6,19,3,0
CUST_0848,2025-09-23 23:11:18.385987,303.82,59,,766.0,10,15.6,0,9,23,1,0
CUST_0849,2024-06-25 23:11:18.385987,234.42,77,20714.15,672.0,4,13.6,1,6,25,1,0
CUST_0850,2024-06-10 23:11:18.385987,636.05,54,,760.0,10,12.7,1,6,10,0,0
CUST_0851,2026-06-27 23:11:18.385987,731.56,52,66898.9,626.0,21,18.2,0,6,27,5,0
CUST_0852,2026-08-26 23:11:18.385987,409.72,40,65239.01,,10,0.4,1,8,26,2,0
CUST_0853,2024-11-25 23:11:18.385987,412.79,23,34897.85,683.0,11,11.1,0,11,25,0,0
CUST_0854,2024-09-20 23:11:18.385987,556.51,21,,714.0,9,15.7,1,9,20,4,0
CUST_0855,2024-06-05 23:11:18.385987,358.43,35,113693.48,743.0,15,10.8,0,6,5,2,0
CUST_0856,2026-10-06 23:11:18.385987,343.66,77,35334.62,638.0,8,6.5,0,10,6,1,0
CUST_0857,2024-12-25 23:11:18.385987,675.92,26,73214.47,645.0,10,2.7,0,12,25,2,0
CUST_0858,2025-09-10 23:11:18.385987,621.43,66,,630.0,9,17.8,0,9,10,2,0
CUST_0859,2026-06-20 23:11:18.385987,762.23,46,77275.84,766.0,11,9.4,0,6,20,5,0
CUST_0860,2025-05-22 23:11:18.385987,249.48,30,42153.49,715.0,17,17.6,0,5,22,3,0
CUST_0861,2025-02-21 23:11:18.385987,399.51,76,68041.77,646.0,10,11.7,0,2,21,4,0
CUST_0862,2025-07-01 23:11:18.385987,556.24,64,34169.49,678.0,12,13.5,0,7,1,1,0
CUST_0863,2026-03-14 23:11:18.385987,314.88,79,65817.06,759.0,7,16.1,0,3,14,5,1
CUST_0864,2025-06-04 23:11:18.385987,628.34,69,41826.99,686.0,12,13.2,0,6,4,2,0
CUST_0865,2025-12-22 23:11:18.385987,744.93,34,45699.04,683.0,11,8.0,0,12,22,0,0
CUST_0866,2025-09-19 23:11:18.385987,383.33,62,68839.72,661.0,10,10.3,0,9,19,4,0
CUST_0867,2024-09-24 23:11:18.385987,507.72,49,51392.29,649.0,7,16.1,0,9,24,1,0
CUST_0868,2024-07-10 23:11:18.385987,791.12,65,67607.63,759.0,8,7.5,0,7,10,2,0
CUST_0869,2025-08-23 23:11:18.385987,859.85,39,56183.17,784.0,9,7.8,0,8,23,5,1
CUST_0870,2026-02-15 23:11:18.385987,649.16,21,61349.87,651.0,10,1.9,1,2,15,6,0
CUST_0871,2024-09-14 23:11:18.385987,618.69,22,68901.73,770.0,8,18.3,0,9,14,5,0
CUST_0872,2027-01-10 23:11:18.385987,329.25,54,52999.63,676.0,10,1.8,1,1,10,6,0
CUST_0873,2025-10-11 23:11:18.385987,571.84,58,40079.0,727.0,16,13.0,0,10,11,5,0
CUST_0874,2026-08-25 23:11:18.385987,611.36,66,49353.75,771.0,10,8.3,0,8,25,1,0
CUST_0875,2026-12-27 23:11:18.385987,457.93,30,83902.78,693.0,17,8.1,0,12,27,6,0
CUST_0876,2024-07-12 23:11:18.385987,381.04,51,62323.46,684.0,14,13.6,1,7,12,4,0
CUST_0877,2026-07-30 23:11:18.385987,243.74,62,43102.03,740.0,9,1.3,0,7,30,3,0
CUST_0878,2024-05-23 23:11:18.385987,152.45,39,68031.21,645.0,14,11.9,0,5,23,3,0
CUST_0879,2024-10-12 23:11:18.385987,110.42,70,69366.31,757.0,9,15.4,0,10,12,5,1
CUST_0880,2024-06-18 23:11:18.385987,615.89,76,70399.98,707.0,11,16.6,0,6,18,1,0
CUST_0881,2025-09-13 23:11:18.385987,529.54,40,40443.26,671.0,11,3.4,1,9,13,5,0
CUST_0882,2025-05-23 23:11:18.385987,403.24,68,46352.18,670.0,11,17.9,0,5,23,4,0
CUST_0883,2024-11-12 23:11:18.385987,433.71,20,,631.0,9,13.1,0,11,12,1,0
CUST_0884,2026-06-11 23:11:18.385987,542.09,59,52787.04,673.0,5,17.6,0,6,11,3,1
CUST_0885,2024-12-11 23:11:18.385987,467.09,51,,687.0,11,9.7,0,12,11,2,0
CUST_0886,2026-07-09 23:11:18.385987,231.89,49,65923.7,647.0,8,10.8,0,7,9,3,0
CUST_0887,2024-06-30 23:11:18.385987,682.6,62,67504.34,,9,18.4,0,6,30,6,0
CUST_0888,2026-10-04 23:11:18.385987,560.83,68,87080.38,724.0,10,18.0,1,10,4,6,0
CUST_0889,2025-04-11 23:11:18.385987,553.18,75,73777.82,689.0,4,9.0,0,4,11,4,0
CUST_0890,2026-05-27 23:11:18.385987,667.51,66,57163.97,733.0,7,5.5,1,5,27,2,0
CUST_0891,2026-04-28 23:11:18.385987,337.27,38,36322.3,660.0,12,7.9,0,4,28,1,1
CUST_0892,2026-05-03 23:11:18.385987,742.75,63,45709.06,750.0,9,7.8,0,5,3,6,0
CUST_0893,2025-02-28 23:11:18.385987,471.99,61,54765.9,,7,5.7,0,2,28,4,0
CUST_0894,2026-04-10 23:11:18.385987,677.72,38,76582.6,777.0,19,5.4,0,4,10,4,0
CUST_0895,2025-01-15 23:11:18.385987,646.89,61,59453.36,821.0,11,17.2,0,1,15,2,0
CUST_0896,2026-05-05 23:11:18.385987,292.24,28,46876.08,676.0,9,1.4,0,5,5,1,0
CUST_0897,2025-08-13 23:11:18.385987,600.58,56,45342.14,679.0,13,13.6,0,8,13,2,0
CUST_0898,2025-08-07 23:11:18.385987,565.25,21,58608.44,688.0,10,3.5,0,8,7,3,0
CUST_0899,2027-01-30 23:11:18.385987,506.06,68,77799.75,730.0,7,6.9,0,1,30,5,0
CUST_0900,2026-08-02 23:11:18.385987,481.13,18,91820.39,766.0,12,1.2,0,8,2,6,0
CUST_0901,2026-09-18 23:11:18.385987,482.82,45,55884.63,667.0,12,5.4,0,9,18,4,0
CUST_0902,2025-02-02 23:11:18.385987,662.54,41,59105.14,719.0,9,15.4,0,2,2,6,1
CUST_0903,2024-11-26 23:11:18.385987,615.58,78,35721.17,693.0,9,17.7,0,11,26,1,0
CUST_0904,2024-10-17 23:11:18.385987,506.1,52,98783.85,731.0,8,4.4,0,10,17,3,0
CUST_0905,2025-11-15 23:11:18.385987,201.61,30,31979.94,775.0,12,9.3,1,11,15,5,0
CUST_0906,2026-05-08 23:11:18.385987,598.89,64,83433.25,688.0,10,9.4,1,5,8,4,0
CUST_0907,2025-06-14 23:11:18.385987,644.72,51,,617.0,7,17.5,0,6,14,5,0
CUST_0908,2026-04-11 23:11:18.385987,960.08,28,48012.67,,15,15.3,0,4,11,5,1
CUST_0909,2025-08-28 23:11:18.385987,715.09,53,37799.93,658.0,7,10.3,0,8,28,3,1
CUST_0910,2026-08-08 23:11:18.385987,120.16,68,108200.97,693.0,6,13.4,0,8,8,5,0
CUST_0911,2026-06-19 23:11:18.385987,515.69,78,64429.83,739.0,4,16.9,0,6,19,4,1
CUST_0912,2024-08-22 23:11:18.385987,862.28,34,60425.61,715.0,11,0.2,0,8,22,3,1
CUST_0913,2025-11-25 23:11:18.385987,624.71,52,77734.65,695.0,12,8.1,0,11,25,1,0
CUST_0914,2025-06-02 23:11:18.385987,565.73,77,46983.35,671.0,7,18.1,0,6,2,0,0
CUST_0915,2024-05-10 23:11:18.385987,680.05,35,60036.92,555.0,5,14.8,0,5,10,4,0
CUST_0916,2026-12-02 23:11:18.385987,375.52,57,61126.73,735.0,9,10.9,0,12,2,2,0
CUST_0917,2027-01-16 23:11:18.385987,595.62,39,49757.09,687.0,9,10.6,0,1,16,5,0
CUST_0918,2025-11-21 23:11:18.385987,449.91,74,83992.76,776.0,7,7.0,0,11,21,4,0
CUST_0919,2024-07-28 23:11:18.385987,496.08,41,,720.0,9,10.4,0,7,28,6,0
CUST_0920,2024-11-30 23:11:18.385987,665.69,75,28937.36,673.0,9,13.1,0,11,30,5,0
CUST_0921,2024-06-12 23:11:18.385987,314.66,36,53970.05,753.0,9,8.4,0,6,12,2,0
CUST_0922,2026-06-23 23:11:18.385987,757.6,54,64983.57,758.0,11,14.3,0,6,23,1,0
CUST_0923,2025-09-29 23:11:18.385987,415.44,56,42130.14,689.0,8,17.2,0,9,29,0,0
CUST_0924,2025-07-10 23:11:18.385987,552.13,38,43708.1,760.0,10,3.1,0,7,10,3,0
CUST_0925,2025-08-06 23:11:18.385987,219.9,25,49074.82,672.0,10,9.0,0,8,6,2,0
CUST_0926,2025-05-10 23:11:18.385987,643.97,45,84424.71,708.0,9,8.2,0,5,10,5,0
CUST_0927,2024-08-08 23:11:18.385987,789.3,22,50256.84,729.0,6,13.7,1,8,8,3,0
CUST_0928,2025-04-13 23:11:18.385987,397.07,34,88582.34,739.0,10,5.0,0,4,13,6,1
CUST_0929,2026-10-23 23:11:18.385987,277.96,54,47700.99,,12,12.8,0,10,23,4,0
CUST_0930,2025-11-24 23:11:18.385987,555.6,53,66500.28,683.0,18,17.5,0,11,24,0,1
CUST_0931,2025-04-19 23:11:18.385987,790.96,71,51075.15,755.0,13,8.4,0,4,19,5,0
CUST_0932,2026-06-24 23:11:18.385987,210.03,36,75081.66,694.0,9,18.2,0,6,24,2,0
CUST_0933,2025-01-05 23:11:18.385987,278.74,44,37634.52,672.0,4,19.9,1,1,5,6,0
CUST_0934,2024-05-22 23:11:18.385987,409.16,70,74857.19,672.0,14,2.1,0,5,22,2,0
CUST_0935,2025-03-20 23:11:18.385987,335.93,51,62277.39,,12,4.7,1,3,20,3,1
CUST_0936,2025-12-30 23:11:18.385987,336.56,28,47200.16,663.0,14,19.0,1,12,30,1,0
CUST_0937,2025-05-31 23:11:18.385987,81.18,71,56675.57,765.0,6,19.2,0,5,31,5,0
CUST_0938,2025-02-06 23:11:18.385987,617.81,62,90677.1,,17,2.0,1,2,6,3,0
CUST_0939,2024-10-22 23:11:18.385987,567.74,64,62756.89,724.0,8,0.3,0,10,22,1,0
CUST_0940,2026-08-27 23:11:18.385987,160.23,29,45945.44,715.0,5,3.2,0,8,27,3,0
CUST_0941,2027-01-26 23:11:18.385987,791.44,71,35906.13,781.0,13,19.9,0,1,26,1,0
CUST_0942,2026-02-14 23:11:18.385987,836.22,38,70108.09,667.0,7,3.6,0,2,14,5,1
CUST_0943,2026-08-05 23:11:18.385987,349.82,71,63916.9,,10,10.1,0,8,5,2,1
CUST_0944,2025-09-05 23:11:18.385987,733.31,28,73900.41,,12,17.0,0,9,5,4,0
CUST_0945,2027-01-14 23:11:18.385987,385.4,56,30755.51,783.0,11,0.4,0,1,14,3,0
CUST_0946,2025-09-25 23:11:18.385987,536.22,45,36554.79,,10,12.1,0,9,25,3,0
CUST_0947,2026-08-18 23:11:18.385987,332.85,22,82937.58,571.0,7,5.5,0,8,18,1,0
CUST_0948,2025-01-07 23:11:18.385987,942.85,34,66626.83,703.0,5,17.2,1,1,7,1,1
CUST_0949,2025-11-26 23:11:18.385987,440.8,73,70668.02,747.0,10,5.7,0,11,26,2,0
CUST_0950,2026-10-01 23:11:18.385987,525.29,37,40746.26,649.0,8,13.7,0,10,1,3,0
CUST_0951,2025-11-22 23:11:18.385987,362.41,58,40380.26,742.0,9,13.5,0,11,22,5,0
CUST_0952,2026-03-26 23:11:18.385987,872.26,63,79825.17,648.0,4,4.4,0,3,26,3,0
CUST_0953,2024-11-14 23:11:18.385987,877.32,75,80767.55,693.0,9,0.7,0,11,14,3,1
CUST_0954,2026-06-30 23:11:18.385987,826.19,29,38233.61,738.0,10,8.2,0,6,30,1,1
CUST_0955,2026-04-08 23:11:18.385987,691.29,23,34412.59,641.0,9,5.8,0,4,8,2,0
CUST_0956,2025-08-27 23:11:18.385987,375.04,34,57828.14,709.0,10,16.2,0,8,27,2,0
CUST_0957,2026-03-21 23:11:18.385987,665.57,68,44013.03,761.0,13,16.0,1,3,21,5,0
CUST_0958,2025-10-01 23:11:18.385987,498.59,36,43596.46,724.0,12,9.1,0,10,1,2,0
CUST_0959,2024-07-06 23:11:18.385987,762.48,43,34972.44,664.0,12,12.1,0,7,6,5,0
CUST_0960,2025-08-26 23:11:18.385987,723.18,65,50631.32,776.0,10,12.1,0,8,26,1,0
CUST_0961,2025-11-20 23:11:18.385987,370.15,61,36906.11,733.0,12,16.5,0,11,20,3,0
CUST_0962,2026-09-12 23:11:18.385987,689.57,61,38091.98,607.0,6,8.5,0,9,12,5,0
CUST_0963,2026-05-26 23:11:18.385987,636.41,69,65967.84,743.0,12,5.5,0,5,26,1,0
CUST_0964,2025-01-16 23:11:18.385987,-54.71,49,58896.04,671.0,9,5.3,0,1,16,3,1
CUST_0965,2024-05-30 23:11:18.385987,660.19,23,69697.57,710.0,6,10.7,0,5,30,3,0
CUST_0966,2025-03-18 23:11:18.385987,413.64,72,,750.0,12,9.0,0,3,18,1,0
CUST_0967,2025-08-11 23:11:18.385987,322.79,75,60197.61,673.0,12,8.8,0,8,11,0,0
CUST_0968,2024-10-16 23:11:18.385987,331.35,53,101512.75,618.0,4,1.8,0,10,16,2,0
CUST_0969,2025-02-09 23:11:18.385987,472.95,55,52554.55,,15,14.4,0,2,9,6,0
CUST_0970,2026-12-20 23:11:18.385987,596.01,28,76494.98,758.0,8,4.3,0,12,20,6,1
CUST_0971,2024-11-16 23:11:18.385987,226.91,50,76320.14,696.0,6,3.9,0,11,16,5,0
CUST_0972,2025-05-29 23:11:18.385987,537.97,79,77303.97,743.0,15,8.3,0,5,29,3,0
CUST_0973,2026-07-23 23:11:18.385987,615.35,41,63333.23,,12,4.6,0,7,23,3,0
CUST_0974,2025-06-26 23:11:18.385987,872.36,40,71321.72,705.0,11,11.7,0,6,26,3,0
CUST_0975,2025-09-12 23:11:18.385987,284.66,32,73980.27,693.0,7,7.4,0,9,12,4,0
CUST_0976,2025-04-17 23:11:18.385987,430.08,44,72708.92,684.0,9,9.0,0,4,17,3,0
CUST_0977,2026-06-17 23:11:18.385987,552.33,28,37651.64,718.0,9,10.7,1,6,17,2,0
CUST_0978,2025-03-13 23:11:18.385987,729.48,74,25852.31,640.0,9,4.1,0,3,13,3,0
CUST_0979,2026-03-01 23:11:18.385987,439.16,68,28928.33,687.0,11,3.1,0,3,1,6,0
CUST_0980,2024-09-16 23:11:18.385987,739.73,67,54596.8,716.0,12,17.6,1,9,16,0,0
CUST_0981,2026-03-03 23:11:18.385987,112.53,34,71878.53,792.0,9,8.7,0,3,3,1,0
CUST_0982,2026-09-27 23:11:18.385987,249.33,68,,642.0,12,8.2,0,9,27,6,0
CUST_0983,2024-08-16 23:11:18.385987,569.73,70,78479.41,726.0,11,0.7,0,8,16,4,0
CUST_0984,2025-05-16 23:11:18.385987,217.84,31,49954.5,732.0,11,10.0,0,5,16,4,0
CUST_0985,2024-08-04 23:11:18.385987,265.11,44,50144.9,606.0,8,11.1,0,8,4,6,0
CUST_0986,2025-08-10 23:11:18.385987,394.44,35,43277.86,721.0,8,11.2,0,8,10,6,0
CUST_0987,2025-04-04 23:11:18.385987,654.29,45,,744.0,12,14.1,0,4,4,4,0
CUST_0988,2024-12-09 23:11:18.385987,120.81,68,64586.28,729.0,7,3.5,0,12,9,0,0
CUST_0989,2025-08-18 23:11:18.385987,534.06,64,94253.35,696.0,11,5.0,0,8,18,0,0
CUST_0990,2024-09-07 23:11:18.385987,706.59,64,,,6,16.2,0,9,7,5,0
CUST_0991,2026-01-13 23:11:18.385987,461.01,21,22987.37,708.0,12,18.9,0,1,13,1,0
CUST_0992,2024-05-29 23:11:18.385987,426.23,24,75606.86,616.0,11,2.7,0,5,29,2,0
CUST_0993,2026-04-09 23:11:18.385987,580.35,62,27504.04,710.0,11,10.0,0,4,9,3,0
CUST_0994,2024-07-19 23:11:18.385987,461.58,52,35819.31,682.0,10,4.3,0,7,19,4,0
CUST_0995,2024-08-23 23:11:18.385987,778.1,65,,,8,1.2,0,8,23,4,0
CUST_0996,2025-02-03 23:11:18.385987,277.72,26,62456.87,824.0,8,6.5,0,2,3,0,0
CUST_0997,2026-09-16 23:11:18.385987,489.67,25,39826.72,763.0,10,2.9,1,9,16,2,0
CUST_0998,2025-07-18 23:11:18.385987,541.14,69,54453.68,642.0,11,14.2,0,7,18,4,0
CUST_0999,2024-08-19 23:11:18.385987,424.31,62,74303.25,717.0,18,10.7,0,8,19,0,0
